0.999998 0.001093 0.001569 0.000000 -0.001085 0.999988 -0.004785 0.000000 -0.001575 0.004783 0.999987 0.000000
0.999996 -0.000668 0.002595 0.000000 0.000683 0.999984 -0.005662 0.000000 -0.002591 0.005663 0.999981 0.000000
0.999994 -0.002201 0.002571 -0.001127 0.002205 0.999996 -0.001508 -0.048973 -0.002568 0.001514 0.999996 2.926609
0.999988 -0.003933 0.003023 -0.026592 0.003921 0.999984 0.003963 -0.058279 -0.003038 -0.003951 0.999988 3.887101
0.999966 -0.007923 0.002224 -0.042697 0.007916 0.999963 0.003364 -0.059631 -0.002250 -0.003346 0.999992 4.845629
0.999951 -0.009860 0.000906 -0.034423 0.009860 0.999951 0.000504 -0.073608 -0.000911 -0.000495 0.999999 5.778237
0.999957 -0.009090 0.001710 -0.060232 0.009096 0.999954 -0.003186 -0.081789 -0.001681 0.003202 0.999993 6.715386
0.999959 -0.008644 0.002864 -0.108297 0.008655 0.999955 -0.003870 -0.098246 -0.002830 0.003895 0.999988 7.643974
0.999972 -0.006493 0.003712 -0.115110 0.006502 0.999976 -0.002343 -0.105434 -0.003696 0.002367 0.999990 8.573395
0.999969 -0.007818 0.000144 -0.075938 0.007818 0.999969 0.000118 -0.121502 -0.000145 -0.000117 1.000000 9.502931
0.999966 -0.008204 -0.001092 -0.061494 0.008206 0.999965 0.001571 -0.131454 0.001080 -0.001580 0.999998 10.425928
0.999964 -0.008536 0.000268 -0.089380 0.008536 0.999962 0.001887 -0.147225 -0.000284 -0.001885 0.999998 11.376135
0.999964 -0.008290 0.001704 -0.118177 0.008288 0.999965 0.001242 -0.163744 -0.001714 -0.001228 0.999998 12.259675
0.999972 -0.007195 0.002117 -0.133522 0.007196 0.999974 -0.000312 -0.178069 -0.002114 0.000327 0.999998 13.169565
0.999958 -0.008993 0.001714 -0.163546 0.008997 0.999956 -0.002507 -0.195687 -0.001691 0.002522 0.999995 14.077480
0.999947 -0.010296 0.000454 -0.162500 0.010297 0.999940 -0.003867 -0.215240 -0.000414 0.003872 0.999992 14.981680
0.999960 -0.008828 -0.001303 -0.149349 0.008820 0.999946 -0.005564 -0.214984 0.001352 0.005552 0.999984 15.882553
0.999971 -0.006601 -0.003668 -0.134108 0.006573 0.999949 -0.007698 -0.217594 0.003718 0.007674 0.999964 16.779495
0.999973 -0.005050 -0.005338 -0.139108 0.005013 0.999964 -0.006856 -0.248860 0.005372 0.006829 0.999962 17.670881
0.999960 -0.005527 -0.007033 -0.142791 0.005485 0.999967 -0.006069 -0.267277 0.007067 0.006030 0.999957 18.562890
0.999954 -0.004395 -0.008565 -0.146845 0.004349 0.999976 -0.005366 -0.278612 0.008589 0.005329 0.999949 19.450450
0.999949 -0.002674 -0.009734 -0.147714 0.002622 0.999982 -0.005395 -0.291333 0.009748 0.005369 0.999938 20.331249
0.999910 -0.004211 -0.012764 -0.134591 0.004145 0.999978 -0.005188 -0.318530 0.012785 0.005135 0.999905 21.205055
0.999891 -0.003598 -0.014336 -0.144952 0.003518 0.999978 -0.005615 -0.342309 0.014356 0.005564 0.999881 22.073890
0.999882 -0.002937 -0.015072 -0.155950 0.002859 0.999982 -0.005229 -0.361011 0.015087 0.005185 0.999873 22.936834
0.999853 -0.003100 -0.016863 -0.155300 0.003051 0.999991 -0.002969 -0.383984 0.016872 0.002917 0.999853 23.793619
0.999835 -0.003994 -0.017738 -0.163123 0.003985 0.999992 -0.000549 -0.400067 0.017740 0.000478 0.999843 24.651339
0.999817 -0.004315 -0.018622 -0.176852 0.004333 0.999990 0.000937 -0.418391 0.018617 -0.001017 0.999826 25.477967
0.999822 -0.003277 -0.018602 -0.207586 0.003259 0.999994 -0.000953 -0.428031 0.018605 0.000892 0.999827 26.301624
0.999814 -0.001101 -0.019243 -0.228302 0.001030 0.999993 -0.003705 -0.442700 0.019247 0.003684 0.999808 27.115698
0.999771 -0.000545 -0.021395 -0.218087 0.000444 0.999989 -0.004712 -0.473609 0.021397 0.004702 0.999760 27.911952
0.999763 0.001625 -0.021727 -0.245305 -0.001721 0.999989 -0.004387 -0.507537 0.021720 0.004423 0.999754 28.703709
0.999741 0.001120 -0.022728 -0.272562 -0.001225 0.999989 -0.004615 -0.532807 0.022722 0.004642 0.999731 29.488321
0.999666 0.000802 -0.025813 -0.276061 -0.000957 0.999981 -0.006019 -0.547138 0.025808 0.006042 0.999649 30.260472
0.999633 0.000441 -0.027090 -0.317757 -0.000594 0.999984 -0.005621 -0.568669 0.027087 0.005635 0.999617 31.026083
0.999609 0.000910 -0.027956 -0.357563 -0.001029 0.999990 -0.004263 -0.587794 0.027952 0.004291 0.999600 31.785323
0.999557 0.001577 -0.029735 -0.382070 -0.001664 0.999994 -0.002871 -0.583357 0.029731 0.002920 0.999554 32.529553
0.999494 0.001961 -0.031748 -0.406289 -0.002000 0.999997 -0.001210 -0.599816 0.031745 0.001273 0.999495 33.267142
0.999426 0.003634 -0.033671 -0.436741 -0.003665 0.999993 -0.000851 -0.610562 0.033668 0.000974 0.999433 33.994805
0.999365 0.006353 -0.035058 -0.465388 -0.006412 0.999978 -0.001564 -0.624775 0.035048 0.001788 0.999384 34.736482
0.999293 0.007628 -0.036822 -0.506181 -0.007676 0.999970 -0.001157 -0.663565 0.036812 0.001438 0.999321 35.424900
0.999250 0.007086 -0.038065 -0.545158 -0.007084 0.999975 0.000180 -0.686212 0.038065 0.000090 0.999275 36.116992
0.999213 0.009794 -0.038436 -0.574509 -0.009726 0.999951 0.001953 -0.695361 0.038453 -0.001577 0.999259 36.804927
0.999192 0.012186 -0.038305 -0.612867 -0.012085 0.999923 0.002864 -0.712309 0.038337 -0.002399 0.999262 37.480643
0.999188 0.014863 -0.037455 -0.641456 -0.014851 0.999890 0.000591 -0.724016 0.037459 -0.000034 0.999298 38.143069
0.999227 0.016219 -0.035802 -0.671316 -0.016318 0.999864 -0.002459 -0.736772 0.035757 0.003041 0.999356 38.795378
0.999281 0.016791 -0.033982 -0.681047 -0.016935 0.999849 -0.003928 -0.755313 0.033911 0.004501 0.999415 39.432744
0.999331 0.017833 -0.031945 -0.680107 -0.017948 0.999833 -0.003294 -0.760710 0.031881 0.003865 0.999484 40.070241
0.999329 0.023001 -0.028496 -0.706291 -0.023023 0.999735 -0.000438 -0.772833 0.028478 0.001094 0.999594 40.719720
0.999321 0.027358 -0.024687 -0.722430 -0.027279 0.999622 0.003514 -0.791245 0.024774 -0.002838 0.999689 41.325163
0.999358 0.030719 -0.018451 -0.806134 -0.030630 0.999518 0.005132 -0.817220 0.018600 -0.004563 0.999817 41.918006
0.999335 0.034053 -0.013013 -0.820863 -0.033980 0.999406 0.005794 -0.830619 0.013203 -0.005348 0.999899 42.502825
0.999262 0.037761 -0.006974 -0.841028 -0.037703 0.999255 0.008244 -0.835451 0.007280 -0.007975 0.999942 43.071234
0.999115 0.042052 -0.000517 -0.842847 -0.042046 0.999071 0.009435 -0.837138 0.000914 -0.009405 0.999955 43.619531
0.998950 0.045267 0.007105 -0.855104 -0.045333 0.998927 0.009524 -0.847968 -0.006666 -0.009836 0.999929 44.146406
0.998706 0.048660 0.014807 -0.853069 -0.048805 0.998762 0.009650 -0.844980 -0.014320 -0.010360 0.999844 44.653976
0.998334 0.053059 0.022676 -0.849457 -0.053286 0.998534 0.009518 -0.851623 -0.022137 -0.010710 0.999698 45.137372
0.997911 0.057021 0.030378 -0.829726 -0.057249 0.998338 0.006687 -0.850008 -0.029946 -0.008413 0.999516 45.600991
0.997598 0.057918 0.037996 -0.804853 -0.058095 0.998305 0.003575 -0.851848 -0.037724 -0.005774 0.999272 46.039844
0.997264 0.058080 0.045727 -0.781909 -0.058304 0.998293 0.003567 -0.850862 -0.045442 -0.006223 0.998948 46.461130
0.996812 0.058356 0.054406 -0.767946 -0.058725 0.998261 0.005205 -0.851582 -0.054007 -0.008383 0.998505 46.858470
0.996281 0.059594 0.062237 -0.738758 -0.060108 0.998171 0.006426 -0.857243 -0.061740 -0.010143 0.998041 47.229762
0.995506 0.062575 0.071086 -0.713216 -0.063217 0.997976 0.006823 -0.860413 -0.070515 -0.011286 0.997447 47.592183
0.994619 0.066747 0.079230 -0.671791 -0.067410 0.997709 0.005725 -0.834268 -0.078666 -0.011035 0.996840 47.899928
0.993600 0.070278 0.088436 -0.650669 -0.071089 0.997452 0.006055 -0.841035 -0.087785 -0.012303 0.996063 48.198285
0.992870 0.068793 0.097351 -0.614124 -0.069832 0.997532 0.007301 -0.841230 -0.096608 -0.014047 0.995223 48.471859
0.991779 0.067129 0.108943 -0.601320 -0.068216 0.997651 0.006273 -0.848328 -0.108266 -0.013653 0.994028 48.739306
0.990531 0.065093 0.120873 -0.557446 -0.065894 0.997823 0.002636 -0.852127 -0.120439 -0.010576 0.992664 48.997201
0.988619 0.065632 0.135368 -0.539411 -0.066198 0.997806 -0.000324 -0.867660 -0.135093 -0.008641 0.990795 49.255950
0.986147 0.067051 0.151720 -0.509747 -0.067576 0.997713 -0.001700 -0.875949 -0.151487 -0.008576 0.988422 49.512174
0.983342 0.067608 0.168722 -0.478368 -0.068313 0.997663 -0.001631 -0.887944 -0.168438 -0.009922 0.985662 49.777137
0.980576 0.066657 0.184465 -0.413731 -0.067630 0.997710 -0.001021 -0.911495 -0.184110 -0.011474 0.982839 50.009038
0.977027 0.065299 0.202863 -0.360360 -0.066532 0.997784 -0.000740 -0.920465 -0.202462 -0.012774 0.979207 50.255028
0.973263 0.064759 0.220376 -0.278703 -0.066576 0.997781 0.000823 -0.951635 -0.219833 -0.015473 0.975415 50.495513
0.968143 0.064877 0.241848 -0.238349 -0.067025 0.997751 0.000654 -0.956097 -0.241262 -0.016843 0.970314 50.731601
0.962694 0.065747 0.262485 -0.143000 -0.067939 0.997689 -0.000725 -0.953786 -0.261926 -0.017135 0.964936 50.961857
0.956515 0.065061 0.284334 -0.028944 -0.067602 0.997712 -0.000878 -0.970158 -0.283741 -0.018382 0.958725 51.183618
0.948987 0.064507 0.308645 0.059215 -0.067532 0.997717 -0.000883 -0.960876 -0.307997 -0.020006 0.951177 51.423058
0.940308 0.066834 0.333699 0.181818 -0.070719 0.997496 -0.000508 -0.981475 -0.332897 -0.023121 0.942680 51.648884
0.930241 0.068298 0.360538 0.305766 -0.073138 0.997322 -0.000219 -0.998594 -0.359587 -0.026166 0.932745 51.881453
0.918615 0.068031 0.389254 0.430053 -0.074103 0.997250 0.000586 -1.013030 -0.388144 -0.029383 0.921130 52.105397
0.905320 0.064751 0.419765 0.559270 -0.072071 0.997398 0.001583 -1.018144 -0.418570 -0.031686 0.907631 52.332518
0.889371 0.059966 0.453236 0.693228 -0.068790 0.997627 0.002992 -1.024611 -0.451981 -0.033839 0.891386 52.563916
0.873113 0.055706 0.484324 0.894733 -0.065181 0.997870 0.002731 -1.031850 -0.483140 -0.033954 0.874884 52.739561
0.853060 0.054595 0.518949 1.048864 -0.064055 0.997946 0.000309 -1.035647 -0.517866 -0.033505 0.854805 52.964631
0.837799 0.054969 0.543204 1.316897 -0.061706 0.998077 -0.005830 -1.004931 -0.542480 -0.028635 0.839580 53.065396
0.813267 0.055602 0.579228 1.522432 -0.062749 0.998000 -0.007698 -1.012564 -0.578497 -0.030085 0.815129 53.284985
0.786269 0.058396 0.615119 1.732910 -0.066058 0.997763 -0.010285 -1.017785 -0.614343 -0.032547 0.788367 53.504199
0.756476 0.061915 0.651084 1.961839 -0.070161 0.997447 -0.013334 -1.027003 -0.650247 -0.035594 0.758888 53.737114
0.723455 0.061198 0.687653 2.210477 -0.071445 0.997352 -0.013596 -1.035196 -0.686664 -0.039293 0.725912 53.972940
0.687506 0.057683 0.723884 2.498532 -0.071852 0.997352 -0.011233 -1.042797 -0.722615 -0.044289 0.689830 54.188398
0.648922 0.054339 0.758912 2.819136 -0.072290 0.997337 -0.009597 -1.046400 -0.757413 -0.048634 0.651123 54.409097
0.606290 0.051505 0.793574 3.153537 -0.073155 0.997281 -0.008836 -1.049069 -0.791872 -0.052696 0.608410 54.627529
0.560168 0.047295 0.827028 3.506464 -0.072015 0.997369 -0.008258 -1.045458 -0.825242 -0.054933 0.562101 54.835956
0.512842 0.043212 0.857395 3.892539 -0.072699 0.997331 -0.006780 -1.055652 -0.855399 -0.058854 0.514615 55.020343
0.463425 0.039751 0.885244 4.296860 -0.075727 0.997115 -0.005131 -1.060023 -0.882895 -0.064659 0.465098 55.192359
0.414948 0.038077 0.909048 4.729340 -0.079940 0.996786 -0.005263 -1.063632 -0.906326 -0.070485 0.416659 55.342233
0.362369 0.040270 0.931164 5.153944 -0.085117 0.996321 -0.009965 -1.065335 -0.928140 -0.075647 0.364464 55.528304
0.312655 0.035661 0.949197 5.608259 -0.085655 0.996282 -0.009216 -1.080184 -0.945997 -0.078422 0.314547 55.663694
0.265389 0.023693 0.963850 6.086986 -0.084245 0.996444 -0.001298 -1.097766 -0.960454 -0.080855 0.266441 55.764522
0.225206 0.012266 0.974234 6.591670 -0.086228 0.996248 0.007389 -1.139092 -0.970488 -0.085671 0.225418 55.785451
0.184159 0.000503 0.982896 7.115746 -0.083569 0.996387 0.015148 -1.127267 -0.979337 -0.084930 0.183536 55.835514
0.147297 -0.005812 0.989075 7.630273 -0.081291 0.996529 0.017961 -1.118705 -0.985746 -0.083048 0.146313 55.873684
0.115560 -0.015903 0.993173 8.163938 -0.078605 0.996590 0.025104 -1.115796 -0.990185 -0.080969 0.113916 55.896665
0.087559 -0.024732 0.995852 8.717239 -0.078909 0.996378 0.031683 -1.106245 -0.993029 -0.081356 0.085290 55.904271
0.063304 -0.033845 0.997420 9.283476 -0.079142 0.996107 0.038823 -1.087994 -0.994851 -0.081396 0.060379 55.922006
0.042033 -0.038050 0.998391 9.861330 -0.079875 0.995948 0.041319 -1.074663 -0.995918 -0.081484 0.038823 55.943105
0.026429 -0.043229 0.998716 10.442855 -0.076531 0.996045 0.045138 -1.029420 -0.996717 -0.077625 0.023016 55.947767
0.013303 -0.044643 0.998914 11.048547 -0.076706 0.996013 0.045535 -1.006569 -0.996965 -0.077228 0.009826 55.947575
0.001495 -0.044932 0.998989 11.649777 -0.075783 0.996112 0.044916 -0.981214 -0.997123 -0.075773 -0.001916 55.935638
-0.008662 -0.048254 0.998798 12.270065 -0.073315 0.996177 0.047491 -0.967382 -0.997271 -0.072815 -0.012167 55.930895
-0.014989 -0.052950 0.998485 12.900908 -0.071326 0.996110 0.051753 -0.935929 -0.997340 -0.070442 -0.018707 55.922122
-0.019944 -0.053122 0.998389 13.540436 -0.072144 0.996061 0.051557 -0.909483 -0.997195 -0.070999 -0.023698 55.919990
-0.021967 -0.051406 0.998436 14.193221 -0.075110 0.995940 0.049625 -0.874040 -0.996933 -0.073903 -0.025739 55.879734
-0.024276 -0.049515 0.998478 14.855625 -0.082379 0.995475 0.047363 -0.852872 -0.996305 -0.081104 -0.028245 55.861306
-0.026857 -0.051074 0.998334 15.536616 -0.087577 0.994974 0.048546 -0.812516 -0.995796 -0.086127 -0.031195 55.875387
-0.027173 -0.053651 0.998190 16.222267 -0.090094 0.994626 0.051007 -0.789978 -0.995562 -0.088545 -0.031861 55.825800
-0.025579 -0.056954 0.998049 16.912092 -0.088168 0.994614 0.054498 -0.769065 -0.995777 -0.086602 -0.030463 55.773248
-0.025915 -0.058032 0.997978 17.608748 -0.080894 0.995161 0.055768 -0.737563 -0.996386 -0.079285 -0.030484 55.798506
-0.024499 -0.058601 0.997981 18.311621 -0.072740 0.995739 0.056684 -0.697244 -0.997050 -0.071204 -0.028657 55.799601
-0.021604 -0.058920 0.998029 19.031314 -0.071811 0.995775 0.057233 -0.652038 -0.997184 -0.070433 -0.025744 55.766992
-0.019068 -0.058363 0.998113 19.768541 -0.075776 0.995508 0.056763 -0.608278 -0.996942 -0.074551 -0.023405 55.741296
-0.016568 -0.057797 0.998191 20.506785 -0.082336 0.995016 0.056247 -0.579118 -0.996467 -0.081255 -0.021244 55.722128
-0.016633 -0.055880 0.998299 21.242225 -0.083447 0.995031 0.054307 -0.541771 -0.996373 -0.082402 -0.021213 55.735431
-0.012869 -0.063530 0.997897 21.968528 -0.078369 0.994974 0.062333 -0.515793 -0.996841 -0.077402 -0.017783 55.696805
-0.010779 -0.064256 0.997875 22.698041 -0.072510 0.995356 0.063310 -0.476044 -0.997309 -0.071673 -0.015388 55.695657
-0.009601 -0.057813 0.998281 23.434114 -0.071417 0.995817 0.056983 -0.423327 -0.997400 -0.070748 -0.013689 55.691497
-0.007042 -0.052974 0.998571 24.163853 -0.074971 0.995813 0.052299 -0.392493 -0.997161 -0.074495 -0.010984 55.722591
-0.002562 -0.056364 0.998407 24.907438 -0.078934 0.995306 0.055987 -0.378423 -0.996877 -0.078665 -0.006999 55.713555
0.001862 -0.060940 0.998140 25.647111 -0.077702 0.995115 0.060900 -0.347673 -0.996975 -0.077671 -0.002882 55.696796
0.004958 -0.060469 0.998158 26.371509 -0.073164 0.995473 0.060670 -0.313934 -0.997308 -0.073330 0.000512 55.691518
0.006240 -0.057169 0.998345 27.102927 -0.072969 0.995677 0.057472 -0.282064 -0.997315 -0.073206 0.002041 55.757712
0.009861 -0.055842 0.998391 27.841709 -0.074343 0.995635 0.056422 -0.264904 -0.997184 -0.074779 0.005667 55.765875
0.014654 -0.059528 0.998119 28.581067 -0.077055 0.995191 0.060485 -0.230770 -0.996919 -0.077796 0.009996 55.719477
0.018223 -0.063892 0.997790 29.316890 -0.076645 0.994930 0.065109 -0.206351 -0.996892 -0.077663 0.013234 55.725681
0.022409 -0.065521 0.997600 30.052503 -0.075033 0.994926 0.067031 -0.163835 -0.996929 -0.076355 0.017379 55.726032
0.025573 -0.065597 0.997518 30.787119 -0.074895 0.994915 0.067346 -0.120121 -0.996863 -0.076431 0.020530 55.724942
0.028959 -0.067215 0.997318 31.526671 -0.076116 0.994691 0.069248 -0.073967 -0.996678 -0.077917 0.023690 55.735808
0.032874 -0.069162 0.997064 32.267954 -0.076979 0.994464 0.071520 -0.033185 -0.996491 -0.079104 0.027368 55.751754
0.035968 -0.067340 0.997082 33.006753 -0.076977 0.994576 0.069948 0.008894 -0.996384 -0.079268 0.030589 55.767098
0.039256 -0.064579 0.997140 33.748628 -0.075034 0.994901 0.067388 0.062266 -0.996408 -0.077464 0.034210 55.789443
0.040951 -0.065383 0.997020 34.491855 -0.075488 0.994802 0.068338 0.097865 -0.996305 -0.078062 0.035802 55.831721
0.043575 -0.063178 0.997051 35.239172 -0.075848 0.994909 0.066357 0.144891 -0.996167 -0.078516 0.038561 55.867073
0.045784 -0.061617 0.997049 35.982378 -0.075224 0.995049 0.064948 0.198089 -0.996115 -0.077976 0.040922 55.909160
0.050368 -0.058626 0.997009 36.739749 -0.076250 0.995136 0.062368 0.226158 -0.995816 -0.079163 0.045653 55.919888
0.053474 -0.057468 0.996914 37.493061 -0.074515 0.995329 0.061373 0.266406 -0.995785 -0.077567 0.048942 55.965872
0.057014 -0.056750 0.996759 38.247902 -0.070762 0.995643 0.060734 0.311493 -0.995862 -0.073996 0.052750 55.997793
0.061061 -0.056893 0.996511 39.010103 -0.067900 0.995825 0.061014 0.358070 -0.995822 -0.071388 0.056943 56.026932
0.063204 -0.050665 0.996714 39.774141 -0.066635 0.996268 0.054867 0.396479 -0.995774 -0.069884 0.059592 56.092171
0.064521 -0.046858 0.996816 40.544567 -0.068601 0.996326 0.051276 0.428627 -0.995556 -0.071691 0.061069 56.177249
0.068508 -0.048965 0.996448 41.322356 -0.067039 0.996311 0.053568 0.466838 -0.995396 -0.070471 0.064973 56.215785
0.071910 -0.048254 0.996243 42.098949 -0.067527 0.996302 0.053131 0.485551 -0.995123 -0.071094 0.068386 56.295906
0.075398 -0.044269 0.996170 42.883436 -0.067361 0.996506 0.049382 0.523938 -0.994876 -0.070827 0.072152 56.363693
0.078693 -0.044202 0.995919 43.671841 -0.069645 0.996332 0.049723 0.563526 -0.994463 -0.073273 0.075325 56.459337
0.083088 -0.044234 0.995560 44.479162 -0.069497 0.996325 0.050068 0.594152 -0.994116 -0.073348 0.079708 56.541667
0.089992 -0.041126 0.995093 45.259621 -0.066514 0.996668 0.047206 0.616038 -0.993719 -0.070436 0.086957 56.569836
0.096192 -0.039635 0.994573 46.052033 -0.058516 0.997254 0.045401 0.637571 -0.993641 -0.062566 0.093609 56.644326
0.103470 -0.037348 0.993931 46.857911 -0.054119 0.997603 0.043119 0.660666 -0.993159 -0.058252 0.101201 56.720361
0.111001 -0.033930 0.993241 47.674510 -0.052105 0.997844 0.039910 0.692362 -0.992453 -0.056183 0.108993 56.817416
0.118375 -0.028862 0.992549 48.469267 -0.053875 0.997918 0.035443 0.723299 -0.991506 -0.057669 0.116574 56.913531
0.125691 -0.029015 0.991645 49.283232 -0.055388 0.997808 0.036216 0.747744 -0.990522 -0.059477 0.123809 57.029278
0.131461 -0.028377 0.990915 50.093567 -0.058447 0.997629 0.036324 0.783156 -0.989597 -0.062691 0.129491 57.173153
0.138641 -0.025756 0.990008 50.911090 -0.064277 0.997320 0.034948 0.806109 -0.988255 -0.068480 0.136614 57.298520
0.146229 -0.024397 0.988950 51.724290 -0.071704 0.996805 0.035193 0.837943 -0.986649 -0.076058 0.144013 57.420539
0.153109 -0.023337 0.987934 52.548021 -0.075075 0.996557 0.035176 0.838897 -0.985353 -0.079555 0.150830 57.548830
0.160038 -0.022710 0.986850 53.333887 -0.072814 0.996740 0.034746 0.856210 -0.984422 -0.077417 0.157862 57.680245
0.166068 -0.024257 0.985816 54.123323 -0.065800 0.997197 0.035621 0.880100 -0.983917 -0.070782 0.164006 57.814917
0.170984 -0.021908 0.985030 54.907199 -0.063029 0.997462 0.033125 0.893127 -0.983256 -0.067749 0.169169 57.952622
0.175172 -0.020197 0.984331 55.668302 -0.060521 0.997678 0.031241 0.906311 -0.982676 -0.065046 0.173543 58.104462
0.180668 -0.018192 0.983376 56.435895 -0.061569 0.997659 0.029768 0.923689 -0.981615 -0.065923 0.179125 58.250454
0.186413 -0.022881 0.982205 57.212461 -0.062770 0.997409 0.035148 0.946146 -0.980464 -0.068205 0.184493 58.392302
0.190903 -0.024063 0.981314 57.956466 -0.069025 0.996896 0.037873 0.964620 -0.979179 -0.074966 0.188649 58.542310
0.193187 -0.020225 0.980953 58.700696 -0.076815 0.996407 0.035671 0.963545 -0.978150 -0.082243 0.190940 58.716624
0.196905 -0.016668 0.980281 59.445388 -0.081091 0.996153 0.033227 0.981342 -0.977063 -0.086034 0.194796 58.850853
0.200577 -0.015113 0.979561 60.174021 -0.081665 0.996143 0.032091 0.993096 -0.976268 -0.086433 0.198569 58.980845
0.202837 -0.013742 0.979116 60.888657 -0.079809 0.996343 0.030517 1.014625 -0.975955 -0.084332 0.200998 59.128644
0.204177 -0.010322 0.978880 61.589789 -0.077085 0.996670 0.026588 1.026758 -0.975894 -0.080886 0.202702 59.288781
0.205822 -0.008159 0.978555 62.284589 -0.073382 0.997021 0.023748 1.039732 -0.975834 -0.076696 0.204610 59.430971
0.207968 -0.007438 0.978107 62.963791 -0.068422 0.997411 0.022133 1.043117 -0.975739 -0.071527 0.206921 59.578443
0.209278 -0.008763 0.977817 63.638120 -0.066161 0.997542 0.023100 1.052823 -0.975615 -0.069527 0.208184 59.731822
0.210317 -0.006668 0.977611 64.302862 -0.066917 0.997533 0.021200 1.064215 -0.975340 -0.069877 0.209352 59.895632
0.210674 -0.006352 0.977536 64.961286 -0.070407 0.997283 0.021654 1.062722 -0.975018 -0.073387 0.209655 60.053127
0.211461 -0.006557 0.977364 65.616232 -0.072877 0.997088 0.022457 1.066235 -0.974666 -0.075976 0.210368 60.187631
0.209792 -0.008069 0.977713 66.249666 -0.072638 0.997074 0.023815 1.086743 -0.975044 -0.076015 0.208592 60.349988
0.208483 -0.007476 0.977997 66.880871 -0.073607 0.997015 0.023312 1.091121 -0.975252 -0.076847 0.207311 60.483206
0.207896 -0.008833 0.978111 67.502199 -0.072340 0.997082 0.024380 1.112180 -0.975472 -0.075825 0.206651 60.621575
0.205236 -0.007865 0.978681 68.126686 -0.070106 0.997281 0.022716 1.115798 -0.976198 -0.073273 0.204127 60.763967
0.202885 -0.009353 0.979158 68.704235 -0.065644 0.997575 0.023131 1.117534 -0.977000 -0.068969 0.201779 60.883200
0.201974 -0.010723 0.979332 69.312738 -0.063421 0.997698 0.024004 1.127057 -0.977335 -0.066959 0.200829 60.997412
0.197227 -0.009078 0.980316 69.889977 -0.064820 0.997648 0.022279 1.135364 -0.978213 -0.067938 0.196174 61.136557
0.194773 -0.008686 0.980810 70.472516 -0.068061 0.997431 0.022349 1.138293 -0.978484 -0.071108 0.193681 61.251623
0.191934 -0.009813 0.981359 71.041125 -0.070226 0.997249 0.023707 1.160134 -0.978892 -0.073467 0.190717 61.369697
0.190987 -0.014805 0.981481 71.597110 -0.069707 0.997157 0.028605 1.163038 -0.979114 -0.073879 0.189412 61.460338
0.189490 -0.018619 0.981706 72.145521 -0.066709 0.997266 0.031790 1.171252 -0.979614 -0.071513 0.187730 61.554560
0.185755 -0.021966 0.982351 72.687927 -0.063576 0.997387 0.034324 1.174229 -0.980537 -0.068830 0.183873 61.660462
0.184080 -0.021285 0.982681 73.227845 -0.061829 0.997535 0.033188 1.187221 -0.980965 -0.066868 0.182310 61.755279
0.180847 -0.019105 0.983326 73.759993 -0.061046 0.997665 0.030611 1.170808 -0.981615 -0.065564 0.179259 61.883406
0.179655 -0.022023 0.983483 74.304457 -0.062227 0.997493 0.033704 1.184635 -0.981760 -0.067254 0.177834 61.987978
0.179634 -0.027506 0.983349 74.844338 -0.061968 0.997307 0.039217 1.190586 -0.981780 -0.067981 0.177446 62.099529
0.182185 -0.033582 0.982691 75.390465 -0.060244 0.997158 0.045245 1.233777 -0.981417 -0.067444 0.179644 62.184974
0.183824 -0.036663 0.982275 75.938371 -0.058410 0.997131 0.048148 1.272085 -0.981222 -0.066225 0.181156 62.290323
0.186357 -0.033772 0.981902 76.490763 -0.060123 0.997144 0.045707 1.281541 -0.980641 -0.067553 0.183794 62.409443
0.190416 -0.033180 0.981143 77.033273 -0.059886 0.997175 0.045345 1.304123 -0.979875 -0.067392 0.187891 62.550897
0.198561 -0.036651 0.979403 77.598642 -0.060341 0.996948 0.049541 1.340600 -0.978229 -0.068935 0.195743 62.637235
0.206253 -0.035155 0.977867 78.177113 -0.060753 0.996966 0.048656 1.369637 -0.976611 -0.069444 0.203492 62.764027
0.214039 -0.034457 0.976217 78.742220 -0.062541 0.996844 0.048897 1.382175 -0.974821 -0.071519 0.211209 62.879409
0.221941 -0.031131 0.974563 79.305048 -0.064122 0.996861 0.046446 1.405068 -0.972949 -0.072800 0.219248 63.029743
0.232057 -0.030641 0.972220 79.901412 -0.064091 0.996850 0.046715 1.439169 -0.970588 -0.073151 0.229362 63.171638
0.242060 -0.024888 0.969942 80.474526 -0.062801 0.997173 0.041259 1.450757 -0.968227 -0.070901 0.239813 63.308656
0.250289 -0.022983 0.967898 81.068487 -0.060752 0.997375 0.039392 1.489860 -0.966263 -0.068661 0.248236 63.511308
0.260785 -0.018968 0.965211 81.663328 -0.059619 0.997582 0.035712 1.513504 -0.963554 -0.066858 0.259024 63.693115
0.270634 -0.016938 0.962533 82.269451 -0.058795 0.997688 0.034088 1.522779 -0.960885 -0.065817 0.269013 63.883572
0.280221 -0.014576 0.959825 82.882216 -0.059902 0.997671 0.032639 1.538011 -0.958065 -0.066641 0.278695 64.081152
0.289738 -0.014205 0.957001 83.504176 -0.059339 0.997700 0.032775 1.563513 -0.955265 -0.066283 0.288229 64.313020
0.300622 -0.009708 0.953694 84.149876 -0.061111 0.997697 0.029420 1.574673 -0.951783 -0.067125 0.299337 64.517620
0.310082 -0.009484 0.950663 84.809469 -0.065951 0.997327 0.031461 1.583556 -0.948420 -0.072453 0.308627 64.753629
0.319363 -0.013407 0.947537 85.475065 -0.070530 0.996790 0.037875 1.598684 -0.945004 -0.078926 0.317393 64.998905
0.330208 -0.012844 0.943821 86.162900 -0.074052 0.996473 0.039468 1.600562 -0.940999 -0.082924 0.328092 65.224201
0.340336 -0.011074 0.940239 86.852594 -0.077457 0.996202 0.039770 1.621846 -0.937108 -0.086363 0.338186 65.481582
0.349232 -0.016332 0.936894 87.560801 -0.076033 0.996057 0.045705 1.637747 -0.933947 -0.087196 0.346613 65.742759
0.358595 -0.022125 0.933231 88.269008 -0.075690 0.995738 0.052690 1.681764 -0.930420 -0.089531 0.355392 66.004194
0.365773 -0.030225 0.930213 88.995664 -0.078172 0.994943 0.063066 1.704954 -0.927415 -0.095785 0.361561 66.293088
0.373289 -0.035112 0.927050 89.722796 -0.078355 0.994520 0.069218 1.741912 -0.924400 -0.098478 0.368492 66.568270
0.380303 -0.035915 0.924164 90.442523 -0.076311 0.994620 0.070056 1.784820 -0.921708 -0.097166 0.375516 66.868632
0.388770 -0.036099 0.920627 91.180798 -0.068641 0.995320 0.068014 1.798959 -0.918774 -0.089635 0.384473 67.103113
0.395910 -0.039388 0.917444 91.899694 -0.061383 0.995710 0.069237 1.840228 -0.916235 -0.083728 0.391794 67.418597
0.401260 -0.037463 0.915198 92.610637 -0.060180 0.995926 0.067153 1.897751 -0.913985 -0.082022 0.397370 67.733398
0.407717 -0.031813 0.912554 93.319796 -0.064196 0.995921 0.063402 1.941536 -0.910849 -0.084432 0.404012 68.029935
0.411458 -0.025698 0.911066 94.002253 -0.065292 0.996203 0.057587 1.984888 -0.909087 -0.083180 0.408218 68.371152
0.414675 -0.024820 0.909631 94.675603 -0.062474 0.996493 0.055670 2.019327 -0.907822 -0.079913 0.411671 68.706206
0.418673 -0.020995 0.907894 95.364818 -0.061510 0.996781 0.051416 2.045121 -0.906052 -0.077371 0.416034 69.016738
0.420040 -0.016847 0.907349 96.003219 -0.059339 0.997178 0.045985 2.107994 -0.905563 -0.073156 0.417855 69.354451
0.423969 -0.015510 0.905544 96.670257 -0.061807 0.997027 0.046015 2.129698 -0.903565 -0.075477 0.421750 69.666379
0.428446 -0.016040 0.903425 97.341366 -0.063606 0.996827 0.047863 2.159518 -0.901326 -0.077970 0.426066 69.971503
0.432135 -0.016045 0.901666 97.975657 -0.066695 0.996535 0.049698 2.175920 -0.899339 -0.081613 0.429568 70.279423
0.435720 -0.014410 0.899967 98.629289 -0.068415 0.996449 0.049079 2.198209 -0.897479 -0.082956 0.433187 70.591050
0.439750 -0.014212 0.898008 99.232033 -0.067026 0.996567 0.048594 2.240203 -0.895616 -0.081559 0.437288 70.882783
0.441851 -0.014815 0.896966 99.831198 -0.065697 0.996644 0.048825 2.259596 -0.894679 -0.080502 0.439395 71.199602
0.444391 -0.018279 0.895646 100.430819 -0.065402 0.996462 0.052786 2.278900 -0.893442 -0.082035 0.441624 71.506107
0.444326 -0.019384 0.895655 101.018905 -0.065466 0.996390 0.054041 2.302562 -0.893470 -0.082647 0.441453 71.811060
0.445925 -0.018185 0.894886 101.602826 -0.066940 0.996316 0.053603 2.321367 -0.892564 -0.083806 0.443065 72.107468
0.447875 -0.019694 0.893879 102.179791 -0.066053 0.996297 0.055046 2.346404 -0.891653 -0.083697 0.444915 72.398218
0.450083 -0.019057 0.892783 102.736628 -0.064478 0.996469 0.053776 2.377581 -0.890656 -0.081768 0.447265 72.697727
0.452967 -0.021384 0.891271 103.285704 -0.062240 0.996515 0.055541 2.392621 -0.889352 -0.080631 0.450057 72.981505
0.454864 -0.022611 0.890274 103.827685 -0.061312 0.996511 0.056635 2.411233 -0.888448 -0.080345 0.451890 73.276270
0.459787 -0.029027 0.887555 104.390290 -0.057958 0.996354 0.062610 2.462463 -0.886136 -0.080228 0.456428 73.496042
0.463307 -0.029901 0.885693 104.923634 -0.057165 0.996341 0.063539 2.490757 -0.884352 -0.080069 0.459903 73.770380
0.466556 -0.029977 0.883983 105.451711 -0.057097 0.996320 0.063921 2.510076 -0.882647 -0.080295 0.463128 74.033108
0.469492 -0.030336 0.882415 105.962756 -0.057462 0.996241 0.064822 2.532300 -0.881065 -0.081139 0.465984 74.319307
0.473350 -0.031521 0.880310 106.482002 -0.056234 0.996240 0.065910 2.563947 -0.879078 -0.080702 0.469798 74.575539
0.477152 -0.030627 0.878287 106.982968 -0.055486 0.996349 0.064888 2.585034 -0.877068 -0.079694 0.473710 74.863995
0.481438 -0.031621 0.875909 107.506629 -0.053867 0.996392 0.065579 2.605692 -0.874823 -0.078755 0.477998 75.112382
0.485102 -0.029527 0.873959 107.977960 -0.052168 0.996672 0.062630 2.644104 -0.872900 -0.075975 0.481947 75.441984
0.490133 -0.025866 0.871264 108.454009 -0.049385 0.997130 0.057384 2.672394 -0.870247 -0.071153 0.487449 75.744972
0.495962 -0.019408 0.868127 108.954832 -0.048545 0.997567 0.050035 2.672099 -0.866986 -0.066958 0.493814 76.033181
0.502271 -0.014350 0.864591 109.441617 -0.047062 0.997927 0.043903 2.692739 -0.863429 -0.062741 0.500554 76.328334
0.509715 -0.011508 0.860266 109.947883 -0.044774 0.998201 0.039882 2.722684 -0.859177 -0.058847 0.508283 76.606148
0.518287 -0.007973 0.855169 110.471785 -0.047925 0.998114 0.038351 2.743075 -0.853863 -0.060861 0.516928 76.873791
0.524567 -0.001283 0.851368 110.991995 -0.054281 0.997914 0.034949 2.799904 -0.849637 -0.064547 0.523403 77.172987
0.530480 0.004632 0.847685 111.508581 -0.062217 0.997501 0.033484 2.826275 -0.845411 -0.070503 0.529442 77.502388
0.535978 0.012042 0.844146 112.024839 -0.071352 0.996967 0.031082 2.830114 -0.841211 -0.076891 0.535212 77.853014
0.543456 0.013420 0.839331 112.568338 -0.074474 0.996700 0.032285 2.850778 -0.836128 -0.080053 0.542662 78.173821
0.549367 0.017811 0.835391 113.063655 -0.075412 0.996750 0.028341 2.861009 -0.832171 -0.078568 0.548924 78.565351
0.555473 0.021820 0.831248 113.589616 -0.075228 0.996875 0.024102 2.875499 -0.828125 -0.075921 0.555379 78.940538
0.561335 0.025389 0.827199 114.124159 -0.075098 0.996968 0.020362 2.880247 -0.824174 -0.073551 0.561540 79.322583
0.567800 0.027731 0.822700 114.687288 -0.074741 0.997041 0.017975 2.894713 -0.819767 -0.071696 0.568192 79.700808
0.574197 0.030510 0.818148 115.244762 -0.076263 0.996954 0.016345 2.909578 -0.815157 -0.071780 0.574775 80.113830
0.583250 0.034649 0.811553 115.862270 -0.077834 0.996877 0.013377 2.929613 -0.808555 -0.070969 0.584125 80.458381
0.589996 0.035110 0.806642 116.437474 -0.079245 0.996749 0.014577 2.940531 -0.803508 -0.072522 0.590860 80.896188
0.598402 0.034209 0.800466 117.025674 -0.079125 0.996727 0.016555 2.966242 -0.797280 -0.073244 0.599150 81.333627
0.605391 0.033711 0.795214 117.610419 -0.079108 0.996704 0.017971 2.959983 -0.791987 -0.073788 0.606063 81.792499
0.613083 0.038300 0.789090 118.198410 -0.081495 0.996562 0.014947 2.971980 -0.785804 -0.073471 0.614096 82.258762
0.620555 0.039656 0.783160 118.789976 -0.081404 0.996582 0.014039 2.978586 -0.779926 -0.072465 0.621662 82.747126
0.629366 0.042740 0.775933 119.426605 -0.083615 0.996414 0.012936 2.971933 -0.772598 -0.073021 0.630683 83.201417
0.633704 0.042348 0.772416 120.015551 -0.082996 0.996459 0.013460 2.997266 -0.769110 -0.072637 0.634975 83.736807
0.636801 0.041169 0.769928 120.627265 -0.081919 0.996534 0.014468 3.018276 -0.766664 -0.072285 0.637967 84.264564
0.640421 0.037882 0.767089 121.259852 -0.079576 0.996680 0.017215 3.032242 -0.763891 -0.072067 0.641309 84.813938
0.645499 0.032594 0.763065 121.898618 -0.075310 0.996936 0.021123 3.051961 -0.760039 -0.071102 0.645976 85.309218
0.649528 0.025678 0.759904 122.556999 -0.071299 0.997083 0.027251 3.075077 -0.756987 -0.071880 0.649464 85.852294
0.654178 0.019418 0.756091 123.212154 -0.066792 0.997248 0.032177 3.123821 -0.753386 -0.071550 0.653674 86.406741
0.658053 0.014005 0.752842 123.866618 -0.064179 0.997232 0.037547 3.151530 -0.750232 -0.073024 0.657130 86.950164
0.662704 0.013403 0.748762 124.543204 -0.065108 0.997085 0.039777 3.161144 -0.746046 -0.075111 0.661645 87.490882
0.665690 0.014715 0.746083 125.186296 -0.064780 0.997171 0.038133 3.182845 -0.743411 -0.073716 0.664760 88.068528
0.670159 0.020843 0.741925 125.876366 -0.067232 0.997201 0.032714 3.210620 -0.739166 -0.071804 0.669685 88.636979
0.672700 0.027019 0.739422 126.502344 -0.071545 0.997026 0.028656 3.239332 -0.736448 -0.072179 0.672633 89.240142
0.675448 0.027326 0.736902 127.156827 -0.074804 0.996697 0.031606 3.260125 -0.733604 -0.076471 0.675261 89.845965
0.679022 0.030948 0.733465 127.816996 -0.081538 0.996109 0.033456 3.283975 -0.729575 -0.082523 0.678903 90.458810
0.682551 0.029969 0.730223 128.471843 -0.085574 0.995563 0.039129 3.309787 -0.725811 -0.089195 0.682087 91.081716
0.687037 0.027831 0.726089 129.116759 -0.086169 0.995336 0.043383 3.330247 -0.721495 -0.092372 0.686231 91.710930
0.691793 0.022568 0.721743 129.770905 -0.080827 0.995650 0.046340 3.360286 -0.717558 -0.090394 0.690608 92.334451
0.696822 0.013706 0.717113 130.411122 -0.070287 0.996310 0.049256 3.373925 -0.713792 -0.084727 0.695214 92.962214
0.700598 0.009841 0.713488 131.035813 -0.060688 0.997104 0.045839 3.411092 -0.710971 -0.075414 0.699166 93.634620
0.706909 0.006888 0.707271 131.676839 -0.055617 0.997398 0.045875 3.442628 -0.705114 -0.071766 0.705453 94.260625
0.713104 0.004671 0.701043 132.339494 -0.055916 0.997171 0.050233 3.479668 -0.698825 -0.075020 0.711348 94.901066
0.719145 0.001329 0.694858 133.002157 -0.055046 0.996964 0.055063 3.509674 -0.692676 -0.077848 0.717035 95.549992
0.724770 -0.004045 0.688979 133.647488 -0.050323 0.997001 0.058790 3.554020 -0.687151 -0.077281 0.722393 96.212571
0.729373 -0.005371 0.684095 134.286422 -0.045004 0.997426 0.055814 3.601168 -0.682635 -0.071496 0.727254 96.883112
0.733237 -0.006348 0.679943 134.919463 -0.042676 0.997555 0.055334 3.659233 -0.678632 -0.069590 0.731174 97.560962
0.736055 -0.007639 0.676879 135.554507 -0.042486 0.997444 0.057458 3.695068 -0.675587 -0.071050 0.733848 98.253606
0.739021 -0.012723 0.673562 136.196539 -0.041394 0.997075 0.064251 3.745521 -0.672409 -0.075364 0.736333 98.939541
0.739716 -0.015544 0.672740 136.833784 -0.041230 0.996808 0.068366 3.794995 -0.671655 -0.078309 0.736714 99.656728
0.739500 -0.017764 0.672922 137.447695 -0.041427 0.996556 0.071833 3.845457 -0.671880 -0.080997 0.736218 100.345432
0.739822 -0.018047 0.672560 138.073265 -0.041876 0.996467 0.072803 3.909930 -0.671498 -0.082025 0.736453 101.048970
0.739251 -0.014060 0.673284 138.706572 -0.045654 0.996436 0.070936 3.950508 -0.671881 -0.083178 0.735974 101.749246
0.738419 -0.012276 0.674230 139.331913 -0.045999 0.996589 0.068523 4.003653 -0.672772 -0.081613 0.735335 102.463774
0.736848 -0.008353 0.676007 139.970553 -0.047837 0.996773 0.064458 4.061620 -0.674364 -0.079833 0.734070 103.186834
0.734889 -0.004936 0.678169 140.593318 -0.049371 0.996931 0.060756 4.112455 -0.676388 -0.078131 0.732390 103.867775
0.732695 -0.000110 0.680557 141.229235 -0.053839 0.996856 0.058125 4.152374 -0.678424 -0.079229 0.730386 104.553799
0.729659 0.001855 0.683809 141.852282 -0.055648 0.996841 0.056675 4.205053 -0.681543 -0.079406 0.727457 105.274049
0.727176 0.002149 0.686448 142.495135 -0.057390 0.996684 0.057676 4.247693 -0.684048 -0.081336 0.724888 105.958402
0.724489 0.003525 0.689277 143.130087 -0.061186 0.996368 0.059216 4.273531 -0.686565 -0.085076 0.722074 106.638378
0.721491 0.000248 0.692424 143.764257 -0.060387 0.996212 0.062565 4.304359 -0.689786 -0.086953 0.718773 107.322813
0.718454 0.000595 0.695575 144.395878 -0.057437 0.996635 0.058474 4.342983 -0.693199 -0.081962 0.716070 107.987180
0.714619 0.007768 0.699471 145.029498 -0.057001 0.997260 0.047161 4.368790 -0.697187 -0.073573 0.713104 108.644205
0.711408 0.009241 0.702719 145.671834 -0.054106 0.997666 0.041656 4.395257 -0.700694 -0.067656 0.710247 109.303431
0.707975 0.010207 0.706163 146.329127 -0.058245 0.997333 0.043979 4.424540 -0.703831 -0.072266 0.706682 109.967833
0.704334 0.012287 0.709763 146.966387 -0.064161 0.996860 0.046413 4.446180 -0.706963 -0.078230 0.702910 110.615352
0.700754 0.013768 0.713270 147.625034 -0.068822 0.996455 0.048381 4.476756 -0.710075 -0.082992 0.699218 111.275093
0.697319 0.013115 0.716641 148.253831 -0.068502 0.996475 0.048419 4.503952 -0.713480 -0.082855 0.695760 111.906059
0.693984 0.012005 0.719891 148.895120 -0.068782 0.996393 0.049690 4.524926 -0.716698 -0.083999 0.692306 112.546621
0.690842 0.008056 0.722961 149.543650 -0.064755 0.996609 0.050773 4.550721 -0.720100 -0.081891 0.689021 113.194837
0.687504 0.003873 0.726170 150.195296 -0.060724 0.996790 0.052174 4.583487 -0.723637 -0.079966 0.685532 113.811499
0.683957 -0.000000 0.729523 150.849281 -0.056025 0.997047 0.052526 4.622102 -0.727368 -0.076797 0.681937 114.405856
0.680581 -0.000106 0.732673 151.510089 -0.056455 0.997019 0.052585 4.655260 -0.730495 -0.077151 0.678547 115.011345
0.677037 0.001252 0.735948 152.187549 -0.057597 0.997022 0.051290 4.697075 -0.733692 -0.077113 0.675092 115.603632
0.671891 0.000726 0.740650 152.858185 -0.057768 0.997005 0.051428 4.731278 -0.738394 -0.077340 0.669920 116.211642
0.666036 0.002642 0.745915 153.515296 -0.058515 0.997097 0.048717 4.775154 -0.743621 -0.076095 0.664257 116.822175
0.659454 0.008546 0.751697 154.183757 -0.058865 0.997452 0.040301 4.779630 -0.749437 -0.070825 0.658277 117.432959
0.652735 0.015150 0.757435 154.853999 -0.060466 0.997652 0.032153 4.787742 -0.755169 -0.066787 0.652119 118.038948
0.645656 0.017904 0.763418 155.549138 -0.060662 0.997768 0.027905 4.794184 -0.761215 -0.064327 0.645301 118.643133
0.639611 0.019227 0.768458 156.264102 -0.068173 0.997167 0.031793 4.807107 -0.765670 -0.072723 0.639110 119.217437
0.631805 0.027769 0.774630 156.979037 -0.082074 0.996137 0.031231 4.816752 -0.770770 -0.083309 0.631644 119.817469
0.624464 0.026451 0.780606 157.697488 -0.086427 0.995629 0.035403 4.836355 -0.776257 -0.089573 0.624020 120.410616
0.617665 0.030020 0.785868 158.436714 -0.091052 0.995281 0.033544 4.869448 -0.781153 -0.092274 0.617483 120.984573
0.610254 0.027836 0.791717 159.188364 -0.088265 0.995549 0.033032 4.886527 -0.787273 -0.090039 0.609995 121.554080
0.604260 0.021416 0.796499 159.957778 -0.081767 0.996028 0.035252 4.901814 -0.792580 -0.086429 0.603611 122.124450
0.597040 0.021080 0.801934 160.687365 -0.072776 0.996956 0.027975 4.918037 -0.798903 -0.075064 0.596757 122.680667
0.589972 0.017420 0.807236 161.445348 -0.068244 0.997266 0.028355 4.928594 -0.804534 -0.071818 0.589548 123.217556
0.581619 0.014413 0.813334 162.202433 -0.069033 0.997111 0.031697 4.972721 -0.810527 -0.074583 0.580933 123.824173
0.574476 0.011079 0.818446 162.972549 -0.071436 0.996772 0.036649 4.987166 -0.815398 -0.079520 0.573413 124.346971
0.567929 0.010107 0.823016 163.736927 -0.073179 0.996585 0.038260 4.968316 -0.819818 -0.081957 0.566729 124.860559
0.560060 0.011852 0.828368 164.486410 -0.073602 0.996656 0.035503 5.008632 -0.825176 -0.080853 0.559059 125.403385
0.554099 0.007457 0.832418 165.259530 -0.071149 0.996725 0.038432 5.033539 -0.829405 -0.080521 0.552815 125.916150
0.550005 0.001706 0.835160 166.039561 -0.071741 0.996398 0.045211 5.050811 -0.832075 -0.084781 0.548146 126.397878
0.545258 0.000556 0.838268 166.794973 -0.074000 0.996128 0.047473 5.076885 -0.834996 -0.087917 0.543188 126.894397
0.540692 0.001922 0.841218 167.535549 -0.077157 0.995896 0.047317 5.092901 -0.837675 -0.090489 0.538621 127.400044
0.536359 0.002899 0.843985 168.284066 -0.076106 0.996086 0.044945 5.107921 -0.840551 -0.088339 0.534481 127.863041
0.532668 0.002140 0.846322 169.043786 -0.072791 0.996407 0.043295 5.130896 -0.843188 -0.084666 0.530910 128.334665
0.530716 0.002714 0.847545 169.774400 -0.067053 0.996995 0.038795 5.172864 -0.844893 -0.077420 0.529303 128.766718
0.528212 0.003577 0.849105 170.493802 -0.065712 0.997164 0.036678 5.210734 -0.846566 -0.075170 0.526949 129.207631
0.525949 0.003217 0.850510 171.221349 -0.070492 0.996717 0.039822 5.228487 -0.847590 -0.080899 0.524449 129.647171
0.523124 0.000972 0.852256 171.941127 -0.077010 0.995962 0.046133 5.224615 -0.848770 -0.089766 0.521087 130.090156
0.523273 -0.002750 0.852160 172.668018 -0.079693 0.995454 0.052149 5.214357 -0.848430 -0.095200 0.520676 130.494850
0.522086 -0.008197 0.852854 173.370443 -0.076255 0.995501 0.056249 5.229842 -0.849477 -0.094401 0.519111 130.915548
0.519972 -0.011428 0.854107 174.059845 -0.071029 0.995869 0.056567 5.275361 -0.851225 -0.090080 0.517012 131.335240
0.517646 -0.009457 0.855543 174.729635 -0.066060 0.996512 0.050984 5.308367 -0.853041 -0.082909 0.515216 131.762496
0.514975 -0.006488 0.857181 175.398791 -0.061678 0.997099 0.044602 5.309538 -0.854983 -0.075838 0.513081 132.176708
0.513386 -0.010329 0.858095 176.111150 -0.056319 0.997366 0.045701 5.334456 -0.856308 -0.071789 0.511452 132.530866
0.509997 -0.010220 0.860115 176.758757 -0.062740 0.996824 0.049046 5.370464 -0.857885 -0.078977 0.507736 132.935961
0.505649 -0.003154 0.862734 177.418033 -0.077921 0.995739 0.049310 5.401484 -0.859213 -0.092158 0.503249 133.358272
0.502312 0.003856 0.864678 178.077728 -0.088561 0.994961 0.047010 5.433702 -0.860139 -0.100191 0.500122 133.750886
0.499122 0.005787 0.866512 178.720617 -0.089341 0.994992 0.044817 5.433560 -0.861914 -0.099784 0.497140 134.138739
0.496908 0.003259 0.867797 179.367162 -0.084274 0.995448 0.044517 5.456835 -0.863702 -0.095254 0.494921 134.497516
0.495681 0.001164 0.868504 180.011049 -0.080648 0.995740 0.044694 5.478911 -0.864752 -0.092197 0.493663 134.850790
0.493609 0.001383 0.869683 180.652701 -0.082007 0.995617 0.044961 5.497131 -0.865809 -0.093513 0.491559 135.189595
0.490703 0.002010 0.871325 181.270511 -0.083865 0.995464 0.044934 5.510608 -0.867282 -0.095123 0.488645 135.551365
0.488990 0.001754 0.872288 181.891217 -0.084370 0.995404 0.045295 5.530118 -0.868200 -0.095744 0.486891 135.878336
0.485868 0.001066 0.874032 182.485498 -0.083439 0.995489 0.045169 5.549282 -0.870040 -0.094875 0.483765 136.251369
0.482403 -0.000238 0.875950 183.086909 -0.081098 0.995693 0.044933 5.568466 -0.872187 -0.092714 0.480305 136.582653
0.477652 -0.000566 0.878549 183.669481 -0.079125 0.995908 0.043661 5.598068 -0.874979 -0.090370 0.475652 136.922050
0.473030 -0.001066 0.881046 184.256526 -0.077117 0.996111 0.042609 5.620766 -0.877665 -0.088099 0.471108 137.239801
0.467309 -0.001066 0.884094 184.833106 -0.075725 0.996276 0.041228 5.630121 -0.880845 -0.086214 0.465488 137.560329
0.461963 -0.002588 0.886896 185.419508 -0.071739 0.996610 0.040275 5.648448 -0.883993 -0.082230 0.460211 137.858698
0.456101 -0.003943 0.889919 186.008679 -0.067807 0.996929 0.039169 5.667560 -0.887341 -0.078208 0.454433 138.147249
0.449623 -0.002134 0.893216 186.607115 -0.067279 0.997076 0.036248 5.686007 -0.890681 -0.076393 0.448164 138.440478
0.442387 0.001060 0.896823 187.194106 -0.069671 0.997018 0.033189 5.707511 -0.894114 -0.077165 0.441142 138.759163
0.436793 0.004502 0.899551 187.809099 -0.071929 0.996960 0.029937 5.719916 -0.896682 -0.077780 0.435789 139.043320
0.429760 0.004484 0.902932 188.417641 -0.071562 0.997011 0.029110 5.733222 -0.900103 -0.077126 0.428796 139.352439
0.421639 0.005012 0.906750 189.027190 -0.070302 0.997155 0.027179 5.730763 -0.904034 -0.075206 0.420792 139.673936
0.413398 0.007551 0.910519 189.629151 -0.067022 0.997505 0.022157 5.764737 -0.908081 -0.070184 0.412873 140.014128
0.406783 0.008892 0.913481 190.270490 -0.065506 0.997662 0.019459 5.765360 -0.911173 -0.067754 0.406415 140.292183
0.398630 0.010428 0.917053 190.911282 -0.064489 0.997779 0.016686 5.773681 -0.914842 -0.065791 0.398417 140.587919
0.390772 0.011035 0.920421 191.572102 -0.063071 0.997899 0.014814 5.774751 -0.918324 -0.063841 0.390647 140.866571
0.383441 0.011973 0.923488 192.249758 -0.062221 0.997979 0.012896 5.773395 -0.921467 -0.062405 0.383411 141.137768
0.376614 0.007889 0.926337 192.932984 -0.059935 0.998076 0.015868 5.768456 -0.924429 -0.061496 0.376363 141.406276
0.368855 0.005839 0.929469 193.627221 -0.059808 0.998057 0.017464 5.780298 -0.927561 -0.062032 0.368487 141.686286
0.360009 0.005108 0.932935 194.331225 -0.061804 0.997919 0.018386 5.793069 -0.930899 -0.064279 0.359576 141.972847
0.352705 0.006447 0.935713 195.051799 -0.065476 0.997695 0.017806 5.801094 -0.933441 -0.067547 0.352314 142.248907
0.346388 0.005725 0.938074 195.791930 -0.069511 0.997389 0.019581 5.805688 -0.935512 -0.071989 0.345882 142.511511
0.341482 0.004383 0.939878 196.577612 -0.071257 0.997232 0.021239 5.797402 -0.937183 -0.074226 0.340849 142.719797
0.336241 0.004616 0.941765 197.332107 -0.077804 0.996706 0.022893 5.812894 -0.938557 -0.080970 0.335492 142.990183
0.330664 0.003094 0.943744 198.106087 -0.081938 0.996313 0.025443 5.831621 -0.940185 -0.085741 0.329698 143.263582
0.327180 -0.002177 0.944960 198.903763 -0.079933 0.996350 0.029972 5.831873 -0.941575 -0.085340 0.325812 143.500309
0.323761 -0.007360 0.946110 199.695665 -0.069471 0.997086 0.031529 5.844804 -0.943585 -0.075935 0.322306 143.754967
0.318718 -0.011935 0.947774 200.456007 -0.055915 0.997943 0.031370 5.881915 -0.946199 -0.062993 0.317395 144.063583
0.313777 -0.019477 0.949297 201.285382 -0.045774 0.998317 0.035613 5.882953 -0.948393 -0.054628 0.312357 144.247282
0.309344 -0.025145 0.950618 202.119103 -0.046762 0.998039 0.041616 5.915563 -0.949800 -0.057327 0.307561 144.506435
0.305097 -0.032307 0.951773 202.980987 -0.050711 0.997455 0.050113 5.942073 -0.950970 -0.063555 0.302682 144.737157
0.299905 -0.035839 0.953296 203.854078 -0.055012 0.996981 0.054788 5.971126 -0.952382 -0.068874 0.297028 145.001169
0.293565 -0.031182 0.955430 204.680870 -0.051198 0.997521 0.048287 6.017677 -0.954567 -0.063091 0.291240 145.304022
0.289564 -0.026225 0.956799 205.526780 -0.044546 0.998172 0.040840 6.046179 -0.956122 -0.054448 0.287866 145.532782
0.284876 -0.022231 0.958307 206.414591 -0.043451 0.998404 0.036078 6.082910 -0.957579 -0.051917 0.283455 145.789844
0.279776 -0.019572 0.959866 207.278716 -0.049978 0.998140 0.034919 6.107386 -0.958764 -0.057742 0.278277 146.024782
0.274731 -0.017143 0.961368 208.164821 -0.054657 0.997946 0.033415 6.131600 -0.959966 -0.061726 0.273230 146.264032
0.269035 -0.015536 0.963005 209.043557 -0.054085 0.998048 0.031211 6.157518 -0.961610 -0.060481 0.267670 146.527427
0.263231 -0.015195 0.964613 209.924176 -0.050775 0.998272 0.029581 6.193731 -0.963396 -0.056765 0.262004 146.802815
0.259183 -0.018220 0.965656 210.835084 -0.049052 0.998283 0.032001 6.210843 -0.964582 -0.055662 0.257844 146.997988
0.259378 -0.020518 0.965558 211.773346 -0.047576 0.998289 0.033994 6.206907 -0.964603 -0.054755 0.257958 147.053503
0.255598 -0.022424 0.966523 212.689948 -0.048229 0.998190 0.035913 6.231770 -0.965579 -0.055794 0.254054 147.292184
0.252181 -0.024549 0.967369 213.613224 -0.048718 0.998088 0.038029 6.250913 -0.966453 -0.056719 0.250503 147.526159
0.249579 -0.026023 0.968005 214.551308 -0.049023 0.998017 0.039470 6.277761 -0.967113 -0.057306 0.247809 147.690301
0.265061 -0.020708 0.964009 215.354995 -0.056252 0.997735 0.036899 6.070872 -0.962590 -0.064007 0.263295 147.207412
0.262630 -0.022118 0.964643 216.283255 -0.058201 0.997554 0.038719 6.104885 -0.963140 -0.066312 0.260700 147.458092
0.260753 -0.018703 0.965224 217.212719 -0.059961 0.997568 0.035528 6.125444 -0.963542 -0.067140 0.258997 147.699884
0.259072 -0.016616 0.965715 218.140360 -0.058217 0.997765 0.032785 6.157370 -0.964102 -0.064715 0.257526 147.933850
0.257625 -0.016210 0.966109 219.054093 -0.057026 0.997861 0.031949 6.205480 -0.964561 -0.063324 0.256149 148.212403
0.253970 -0.014941 0.967097 219.961122 -0.055554 0.998005 0.030008 6.291789 -0.965615 -0.061347 0.252633 148.503590
0.252147 -0.014665 0.967578 220.889126 -0.056419 0.997961 0.029828 6.319621 -0.966043 -0.062111 0.250805 148.763312
0.251403 -0.015966 0.967751 221.816535 -0.060987 0.997616 0.032301 6.333100 -0.965959 -0.067141 0.249830 148.989955
0.249592 -0.017663 0.968190 222.739843 -0.061134 0.997552 0.033958 6.354062 -0.966419 -0.067665 0.247901 149.229687
0.247396 -0.014620 0.968804 223.665356 -0.060743 0.997685 0.030568 6.383408 -0.967009 -0.066411 0.245935 149.477564
0.246515 -0.015462 0.969016 224.600221 -0.053462 0.998133 0.029527 6.421094 -0.967663 -0.059085 0.245228 149.699401
0.244307 -0.015763 0.969570 225.502483 -0.051413 0.998251 0.029184 6.430228 -0.968334 -0.056979 0.243070 149.932657
0.240588 -0.012164 0.970551 226.414606 -0.049284 0.998479 0.024731 6.471151 -0.969375 -0.053782 0.239623 150.172102
0.238057 -0.011833 0.971179 227.359109 -0.053660 0.998238 0.025316 6.493367 -0.969768 -0.058140 0.237003 150.409209
0.234664 -0.011477 0.972009 228.251568 -0.059482 0.997887 0.026143 6.516084 -0.970255 -0.063952 0.233485 150.631429
0.230715 -0.012249 0.972944 229.187187 -0.062837 0.997646 0.027460 6.540240 -0.970990 -0.067472 0.229402 150.852549
0.226912 -0.009255 0.973871 230.090472 -0.062494 0.997756 0.024043 6.561320 -0.971908 -0.066316 0.225824 151.054658
0.222647 -0.009420 0.974854 231.003107 -0.061151 0.997849 0.023608 6.579384 -0.972979 -0.064870 0.221592 151.264837
0.219181 -0.010584 0.975627 231.920302 -0.060753 0.997853 0.024474 6.578674 -0.973791 -0.064636 0.218067 151.475467
0.215880 -0.011492 0.976352 232.844913 -0.061771 0.997767 0.025402 6.577653 -0.974464 -0.065794 0.214688 151.657713
0.211961 -0.012421 0.977199 233.775643 -0.062482 0.997701 0.026234 6.591127 -0.975279 -0.066618 0.210698 151.853571
0.209941 -0.011284 0.977649 234.708082 -0.063414 0.997671 0.025133 6.595744 -0.975655 -0.067273 0.208736 152.013043
0.205684 -0.009173 0.978576 235.621948 -0.063178 0.997746 0.022632 6.619418 -0.976577 -0.066480 0.204641 152.206715
0.201423 -0.006574 0.979482 236.537088 -0.063218 0.997805 0.019697 6.632602 -0.977462 -0.065889 0.200565 152.411658
0.197308 -0.004178 0.980333 237.461882 -0.064656 0.997758 0.017265 6.636595 -0.978207 -0.066791 0.196596 152.613989
0.193594 -0.000079 0.981082 238.370525 -0.065368 0.997777 0.012979 6.637516 -0.978902 -0.066644 0.193158 152.806245
0.191119 0.004151 0.981558 239.281598 -0.062999 0.997981 0.008046 6.635596 -0.979543 -0.063375 0.190995 152.983938
0.187905 0.006806 0.982164 240.186872 -0.058544 0.998276 0.004283 6.631980 -0.980441 -0.058305 0.187979 153.162444
0.184130 0.009393 0.982857 241.101697 -0.056304 0.998413 0.001007 6.639705 -0.981288 -0.055524 0.184367 153.329578
0.180694 0.011021 0.983478 242.012620 -0.059452 0.998231 -0.000263 6.630744 -0.981741 -0.058422 0.181030 153.521272
0.175859 0.010349 0.984361 242.925300 -0.063371 0.997990 0.000829 6.616458 -0.982374 -0.062526 0.176161 153.703618
0.170748 0.010303 0.985261 243.833535 -0.065888 0.997827 0.000984 6.616766 -0.983109 -0.065085 0.171056 153.888435
0.168113 0.008623 0.985730 244.736843 -0.066376 0.997791 0.002591 6.604936 -0.983530 -0.065865 0.168314 154.058464
0.165559 0.006718 0.986177 245.649034 -0.066086 0.997805 0.004297 6.603539 -0.983983 -0.065884 0.165640 154.174522
0.161004 0.008240 0.986919 246.543992 -0.063889 0.997955 0.002090 6.608182 -0.984884 -0.063389 0.161201 154.344019
0.155320 0.007260 0.987837 247.435197 -0.061513 0.998104 0.002336 6.590838 -0.985947 -0.061128 0.155472 154.503117
0.150156 -0.001436 0.988661 248.341420 -0.063812 0.997900 0.011141 6.587092 -0.986601 -0.064761 0.149749 154.623087
0.145426 -0.001405 0.989368 249.242175 -0.069620 0.997506 0.011650 6.583141 -0.986917 -0.070574 0.144966 154.756405
0.138887 -0.003148 0.990303 250.137490 -0.068477 0.997571 0.012775 6.574451 -0.987938 -0.069587 0.138334 154.891643
0.133615 -0.004551 0.991023 251.022256 -0.056082 0.998352 0.012146 6.562787 -0.989445 -0.057201 0.133140 155.014433
0.128198 -0.005950 0.991731 251.903976 -0.043775 0.998973 0.011652 6.558459 -0.990782 -0.044906 0.127806 155.115715
0.122626 -0.003911 0.992445 252.796595 -0.039889 0.999165 0.008867 6.563720 -0.991651 -0.040675 0.122368 155.230590
0.117339 -0.000281 0.993092 253.692036 -0.045863 0.998931 0.005702 6.578604 -0.992032 -0.046215 0.117201 155.350284
0.109849 0.003625 0.993942 254.584059 -0.053956 0.998541 0.002321 6.556754 -0.992483 -0.053884 0.109884 155.475278
0.104481 0.005536 0.994511 255.471886 -0.058860 0.998266 0.000627 6.551465 -0.992784 -0.058602 0.104626 155.598176
0.099245 0.008338 0.995028 256.356647 -0.059156 0.998246 -0.002464 6.541343 -0.993303 -0.058617 0.099564 155.656543
0.091482 0.013349 0.995717 257.236497 -0.062014 0.998046 -0.007683 6.525231 -0.993874 -0.061046 0.092131 155.762502
0.084461 0.016571 0.996289 258.118615 -0.066763 0.997709 -0.010935 6.516347 -0.994188 -0.065591 0.085374 155.850612
0.076279 0.018180 0.996921 258.995627 -0.070356 0.997440 -0.012807 6.491495 -0.994601 -0.069163 0.077363 155.944257
0.069876 0.013765 0.997461 259.868488 -0.068352 0.997621 -0.008979 6.463058 -0.995211 -0.067551 0.070651 155.995026
0.063536 0.011776 0.997910 260.739769 -0.064367 0.997897 -0.007678 6.435675 -0.995902 -0.063744 0.064161 156.038545
0.057107 0.009797 0.998320 261.609404 -0.062127 0.998049 -0.006240 6.417317 -0.996433 -0.061666 0.057605 156.067623
0.050988 0.009727 0.998652 262.484016 -0.064033 0.997927 -0.006451 6.396638 -0.996644 -0.063617 0.051506 156.100590
0.044953 0.010412 0.998935 263.358700 -0.066614 0.997751 -0.007402 6.382345 -0.996766 -0.066210 0.045545 156.145971
0.039042 0.007962 0.999206 264.229436 -0.067513 0.997704 -0.005312 6.358495 -0.996954 -0.067252 0.039490 156.182104
0.033842 0.005695 0.999411 265.097216 -0.065377 0.997855 -0.003472 6.341013 -0.997287 -0.065221 0.034142 156.216574
0.028772 0.005293 0.999572 265.958872 -0.062108 0.998063 -0.003497 6.315425 -0.997655 -0.061981 0.029045 156.249428
0.025660 0.003648 0.999664 266.825806 -0.060452 0.998169 -0.002091 6.306217 -0.997841 -0.060378 0.025833 156.250194
0.022234 -0.001108 0.999752 267.693257 -0.061299 0.998116 0.002469 6.300178 -0.997872 -0.061339 0.022124 156.288766
0.019872 -0.002931 0.999798 268.560030 -0.063783 0.997955 0.004193 6.293253 -0.997766 -0.063854 0.019645 156.338890
0.018575 -0.005540 0.999812 269.424419 -0.065213 0.997849 0.006740 6.297170 -0.997698 -0.065325 0.018174 156.344438
0.017112 -0.007649 0.999824 270.289647 -0.066141 0.997772 0.008765 6.291260 -0.997664 -0.066280 0.016568 156.348574
0.015815 -0.009440 0.999830 271.149700 -0.064563 0.997859 0.010442 6.281120 -0.997788 -0.064717 0.015172 156.356893
0.014924 -0.012687 0.999808 272.005348 -0.063740 0.997874 0.013614 6.280169 -0.997855 -0.063931 0.014083 156.408849
0.014816 -0.015099 0.999776 272.859145 -0.062006 0.997948 0.015990 6.266551 -0.997966 -0.062229 0.013850 156.422337
0.017591 -0.017890 0.999685 273.707479 -0.062145 0.997887 0.018951 6.259355 -0.997912 -0.062459 0.016442 156.413005
0.018938 -0.019014 0.999640 274.559872 -0.061827 0.997883 0.020152 6.267648 -0.997907 -0.062187 0.017722 156.434469
0.021193 -0.021756 0.999539 275.367645 -0.062377 0.997787 0.023041 6.262495 -0.997828 -0.062836 0.019789 156.446867
0.023309 -0.022912 0.999466 276.186495 -0.063731 0.997670 0.024357 6.267462 -0.997695 -0.064264 0.021794 156.480976
0.026272 -0.023650 0.999375 276.995642 -0.065723 0.997516 0.025334 6.275727 -0.997492 -0.066347 0.024652 156.497952
0.029655 -0.022883 0.999298 277.802749 -0.068163 0.997364 0.024861 6.286660 -0.997233 -0.068853 0.028017 156.527679
0.033090 -0.021738 0.999216 278.588375 -0.071226 0.997170 0.024052 6.297059 -0.996911 -0.071966 0.031448 156.563174
0.036328 -0.019262 0.999154 279.366375 -0.073420 0.997061 0.021891 6.307025 -0.996639 -0.074153 0.034807 156.600373
0.040685 -0.014488 0.999067 280.131988 -0.073251 0.997161 0.017443 6.311549 -0.996483 -0.073892 0.039508 156.625955
0.044130 -0.011265 0.998962 280.886564 -0.071960 0.997303 0.014425 6.316870 -0.996431 -0.072522 0.043200 156.660662
0.048464 -0.010963 0.998765 281.631768 -0.071702 0.997322 0.014427 6.319131 -0.996248 -0.072312 0.047548 156.682450
0.051302 -0.010605 0.998627 282.372061 -0.074344 0.997129 0.014408 6.314535 -0.995912 -0.074981 0.050366 156.746859
0.055532 -0.008774 0.998418 283.092904 -0.077572 0.996901 0.013075 6.314347 -0.995439 -0.078175 0.054679 156.783376
0.058402 -0.005756 0.998277 283.807601 -0.079930 0.996746 0.010423 6.308574 -0.995088 -0.080401 0.057752 156.843888
0.062479 -0.007033 0.998022 284.495839 -0.078921 0.996809 0.011966 6.302727 -0.994921 -0.079513 0.061724 156.891041
0.066438 -0.008559 0.997754 285.171170 -0.078333 0.996832 0.013767 6.300178 -0.994711 -0.079071 0.065557 156.945968
0.071175 -0.007939 0.997432 285.837323 -0.075877 0.997028 0.013350 6.301598 -0.994574 -0.076632 0.070361 156.982537
0.075337 -0.007030 0.997133 286.491209 -0.072938 0.997258 0.012542 6.304085 -0.994487 -0.073674 0.074618 157.035772
0.078563 -0.004139 0.996901 287.131624 -0.072718 0.997304 0.009871 6.307980 -0.994253 -0.073268 0.078051 157.096427
0.082609 -0.001261 0.996581 287.760509 -0.071870 0.997388 0.007220 6.306590 -0.993987 -0.072221 0.082303 157.142638
0.085629 0.000564 0.996327 288.377544 -0.072334 0.997364 0.005652 6.293656 -0.993698 -0.072552 0.085445 157.198358
0.089223 0.002039 0.996010 288.980961 -0.072480 0.997360 0.004451 6.289697 -0.993371 -0.072588 0.089135 157.250789
0.092282 0.004111 0.995724 289.582607 -0.071543 0.997434 0.002513 6.285676 -0.993159 -0.071469 0.092339 157.300950
0.094934 0.007352 0.995456 290.145283 -0.068878 0.997625 -0.000799 6.280785 -0.993098 -0.068489 0.095215 157.380851
0.096883 0.008195 0.995262 290.721254 -0.069950 0.997549 -0.001405 6.264284 -0.992835 -0.069483 0.097219 157.442633
0.100259 0.008733 0.994923 291.282343 -0.070205 0.997531 -0.001681 6.250817 -0.992481 -0.069680 0.100625 157.505308
0.101608 0.010044 0.994774 291.829620 -0.071424 0.997442 -0.002775 6.236344 -0.992257 -0.070769 0.102065 157.591797
0.104329 0.010160 0.994491 292.370305 -0.070741 0.997491 -0.002770 6.213783 -0.992024 -0.070062 0.104786 157.627201
0.107665 0.011036 0.994126 292.900485 -0.070479 0.997507 -0.003440 6.188351 -0.991686 -0.069695 0.108174 157.675244
0.108347 0.012315 0.994037 293.418382 -0.070308 0.997514 -0.004695 6.163373 -0.991624 -0.069380 0.108943 157.754163
0.112058 0.011199 0.993639 293.930215 -0.068648 0.997635 -0.003502 6.154406 -0.991328 -0.067819 0.112561 157.805266
0.111729 0.012197 0.993664 294.427201 -0.067585 0.997703 -0.004648 6.140383 -0.991438 -0.066638 0.112297 157.883563
0.113705 0.012468 0.993436 294.922286 -0.066766 0.997757 -0.004880 6.134012 -0.991269 -0.065773 0.114282 157.939439
0.115273 0.012972 0.993249 295.407721 -0.065134 0.997862 -0.005473 6.126540 -0.991196 -0.064063 0.115871 157.997001
0.117890 0.013736 0.992932 295.899122 -0.063972 0.997932 -0.006210 6.113182 -0.990964 -0.062787 0.118525 158.013858
0.116824 0.013630 0.993059 296.381621 -0.063211 0.997981 -0.006262 6.103230 -0.991139 -0.062041 0.117449 158.097749
0.115500 0.013371 0.993218 296.874917 -0.063514 0.997963 -0.006048 6.086075 -0.991275 -0.062385 0.116114 158.158055
0.114455 0.014407 0.993324 297.373987 -0.064735 0.997878 -0.007014 6.072523 -0.991317 -0.063500 0.115145 158.210841
0.112630 0.014874 0.993526 297.877035 -0.066196 0.997779 -0.007433 6.064468 -0.991430 -0.064931 0.113364 158.269968
0.110400 0.013978 0.993789 298.386290 -0.064921 0.997867 -0.006823 6.060593 -0.991765 -0.063764 0.111072 158.322139
0.108595 0.011436 0.994020 298.900728 -0.061455 0.998098 -0.004769 6.041688 -0.992185 -0.060570 0.109091 158.345382
0.105418 0.004688 0.994417 299.421385 -0.057275 0.998358 0.001365 6.019299 -0.992777 -0.057099 0.105514 158.404965
0.102009 0.002015 0.994781 299.948680 -0.052030 0.998640 0.003312 6.014978 -0.993422 -0.052097 0.101976 158.471513
0.098910 0.003444 0.995090 300.493488 -0.049031 0.998796 0.001417 6.023324 -0.993888 -0.048931 0.098960 158.524576
0.096138 0.003139 0.995363 301.040304 -0.048618 0.998816 0.001546 6.028132 -0.994180 -0.048541 0.096177 158.640777
0.092338 -0.000828 0.995727 301.608096 -0.050950 0.998686 0.005556 6.026850 -0.994423 -0.051246 0.092175 158.703456
0.090934 -0.010212 0.995805 302.190439 -0.054225 0.998413 0.015190 6.029967 -0.994380 -0.055378 0.090236 158.758473
0.088984 -0.011539 0.995966 302.778859 -0.054598 0.998373 0.016445 6.037044 -0.994536 -0.055842 0.088209 158.805092
0.085482 -0.005843 0.996323 303.368999 -0.051703 0.998609 0.010292 6.048372 -0.994997 -0.052393 0.085062 158.888427
0.082082 -0.003527 0.996619 303.968879 -0.051282 0.998654 0.007757 6.034518 -0.995305 -0.051745 0.081791 158.972283
0.081398 -0.008125 0.996649 304.591982 -0.051847 0.998578 0.012375 6.038822 -0.995332 -0.052681 0.080861 159.011926
0.076581 -0.014725 0.996955 305.219680 -0.054360 0.998342 0.018922 6.025612 -0.995580 -0.055644 0.075654 159.095300
0.074295 -0.016257 0.997104 305.848673 -0.053948 0.998337 0.020297 6.035809 -0.995776 -0.055300 0.073295 159.247443
0.071363 -0.012670 0.997370 306.502885 -0.053720 0.998419 0.016527 6.039559 -0.996003 -0.054758 0.070570 159.306570
0.069082 -0.010947 0.997551 307.162060 -0.051121 0.998587 0.014498 6.068377 -0.996300 -0.051997 0.068425 159.405234
0.068219 -0.009921 0.997621 307.836911 -0.048289 0.998746 0.013234 6.083834 -0.996501 -0.049077 0.067654 159.400097
0.066248 -0.011333 0.997739 308.522449 -0.045949 0.998840 0.014396 6.084460 -0.996745 -0.046799 0.065650 159.453515
0.065828 -0.007799 0.997801 309.224531 -0.046937 0.998838 0.010904 6.106235 -0.996726 -0.047552 0.065385 159.514473
0.063242 -0.003509 0.997992 309.927882 -0.047976 0.998827 0.006552 6.100893 -0.996844 -0.048294 0.063000 159.551877
0.062090 -0.002449 0.998068 310.642533 -0.046775 0.998891 0.005361 6.107872 -0.996974 -0.047018 0.061907 159.552127
0.061322 -0.005470 0.998103 311.364338 -0.040508 0.999147 0.007964 6.104585 -0.997296 -0.040919 0.061048 159.591593
0.062066 -0.006859 0.998048 312.092231 -0.034059 0.999379 0.008986 6.108770 -0.997491 -0.034550 0.061794 159.596615
0.059998 -0.007773 0.998168 312.827559 -0.031233 0.999465 0.009661 6.118305 -0.997710 -0.031756 0.059723 159.688473
0.059079 -0.011472 0.998187 313.581063 -0.033657 0.999343 0.013478 6.113354 -0.997686 -0.034393 0.058654 159.719869
0.058548 -0.017302 0.998135 314.345206 -0.038881 0.999052 0.019598 6.118706 -0.997527 -0.039956 0.057819 159.736283
0.059077 -0.020082 0.998051 315.116200 -0.041678 0.998876 0.022566 6.118159 -0.997383 -0.042930 0.058173 159.757844
0.057808 -0.022411 0.998076 315.891580 -0.040959 0.998853 0.024801 6.122490 -0.997487 -0.042314 0.056824 159.802374
0.056354 -0.023464 0.998135 316.670832 -0.039407 0.998893 0.025707 6.131989 -0.997633 -0.040782 0.055367 159.877759
0.055817 -0.024322 0.998145 317.462408 -0.038049 0.998925 0.026469 6.144413 -0.997716 -0.039456 0.054832 159.914456
0.055862 -0.025152 0.998122 318.263722 -0.039057 0.998862 0.027357 6.162724 -0.997674 -0.040512 0.054816 159.957238
0.056579 -0.024573 0.998096 319.074908 -0.041210 0.998788 0.026927 6.167349 -0.997547 -0.042655 0.055498 160.002644
0.055923 -0.025606 0.998107 319.887790 -0.042370 0.998710 0.027995 6.185750 -0.997536 -0.043855 0.054766 160.068059
0.056480 -0.026105 0.998062 320.703563 -0.043776 0.998632 0.028598 6.189219 -0.997444 -0.045307 0.055260 160.225500
0.057898 -0.026437 0.997972 321.530559 -0.045698 0.998531 0.029103 6.201833 -0.997276 -0.047290 0.056605 160.294030
0.060511 -0.027386 0.997792 322.373143 -0.046888 0.998442 0.030248 6.225410 -0.997066 -0.048614 0.059133 160.324680
0.061949 -0.028440 0.997674 323.219918 -0.047901 0.998357 0.031434 6.252060 -0.996929 -0.049737 0.060485 160.398522
0.064317 -0.029492 0.997494 324.076317 -0.048240 0.998303 0.032626 6.274467 -0.996763 -0.050218 0.062785 160.432086
0.066461 -0.030265 0.997330 324.934789 -0.047679 0.998302 0.033472 6.294001 -0.996649 -0.049776 0.064905 160.515658
0.070173 -0.032754 0.996997 325.806410 -0.048164 0.998184 0.036183 6.318703 -0.996371 -0.050558 0.068468 160.531718
0.073643 -0.033869 0.996709 326.690574 -0.048812 0.998103 0.037522 6.353280 -0.996089 -0.051414 0.071850 160.551891
0.075986 -0.036488 0.996441 327.564723 -0.050254 0.997920 0.040375 6.382262 -0.995842 -0.053143 0.073994 160.687441
0.079067 -0.037928 0.996148 328.454481 -0.049641 0.997886 0.041934 6.410915 -0.995633 -0.052766 0.077017 160.753226
0.081655 -0.038721 0.995908 329.348251 -0.049050 0.997878 0.042819 6.443132 -0.995453 -0.052346 0.079582 160.864692
0.085685 -0.039040 0.995557 330.249605 -0.047958 0.997912 0.043260 6.466682 -0.995167 -0.051451 0.083634 160.904817
0.088056 -0.035161 0.995495 331.146730 -0.046978 0.998118 0.039409 6.516237 -0.995007 -0.050237 0.086239 161.037917
0.090509 -0.035167 0.995274 332.041638 -0.046366 0.998144 0.039485 6.554264 -0.994816 -0.049721 0.088711 161.196574
0.092737 -0.033235 0.995136 332.954092 -0.046655 0.998200 0.037685 6.583189 -0.994597 -0.049923 0.091020 161.281892
0.093947 -0.032729 0.995039 333.859982 -0.048005 0.998148 0.037363 6.634232 -0.994419 -0.051277 0.092202 161.425262
0.095679 -0.032768 0.994873 334.775236 -0.050633 0.998004 0.037740 6.653579 -0.994124 -0.053985 0.093829 161.525950
0.097103 -0.032682 0.994738 335.695669 -0.053319 0.997855 0.037989 6.685598 -0.993845 -0.056727 0.095152 161.591527
0.098180 -0.033375 0.994609 336.617214 -0.053465 0.997817 0.038760 6.712297 -0.993731 -0.056982 0.096181 161.657570
0.098111 -0.033332 0.994617 337.529808 -0.050964 0.997959 0.038472 6.737026 -0.993870 -0.054464 0.096212 161.786429
0.099274 -0.033613 0.994492 338.449652 -0.051894 0.997894 0.038908 6.756748 -0.993706 -0.055471 0.097321 161.888758
0.099513 -0.030988 0.994554 339.366517 -0.054055 0.997871 0.036500 6.780419 -0.993567 -0.057392 0.097626 161.987304
0.099924 -0.030183 0.994537 340.280834 -0.056428 0.997759 0.035950 6.807704 -0.993394 -0.059712 0.097997 162.085103
0.101423 -0.026593 0.994488 341.195071 -0.054307 0.998004 0.032225 6.845868 -0.993360 -0.057276 0.099777 162.148900
0.102548 -0.030755 0.994252 342.103200 -0.053803 0.997887 0.036417 6.831205 -0.993272 -0.057228 0.100677 162.226251
0.102647 -0.028986 0.994295 343.012701 -0.053221 0.997984 0.034587 6.891637 -0.993293 -0.056467 0.100897 162.283625
0.103235 -0.027331 0.994281 343.921704 -0.053052 0.998048 0.032943 6.896277 -0.993241 -0.056150 0.101584 162.368207
0.102630 -0.026295 0.994372 344.829907 -0.052843 0.998095 0.031847 6.899649 -0.993315 -0.055814 0.101045 162.463585
0.102821 -0.025690 0.994368 345.736270 -0.053390 0.998083 0.031307 6.917123 -0.993266 -0.056308 0.101253 162.560075
0.103393 -0.027176 0.994269 346.644675 -0.054889 0.997947 0.032985 6.933481 -0.993125 -0.057985 0.101689 162.648815
0.102130 -0.025326 0.994449 347.533387 -0.054200 0.998049 0.030984 6.950633 -0.993293 -0.057064 0.100558 162.819657
0.102824 -0.030523 0.994231 348.421572 -0.053945 0.997887 0.036215 6.882277 -0.993236 -0.057358 0.100960 162.963924
0.102622 -0.032437 0.994191 349.300963 -0.051866 0.997934 0.037913 6.924361 -0.993367 -0.055456 0.100727 163.162272
0.102111 -0.031030 0.994289 350.180766 -0.054394 0.997844 0.036727 7.030010 -0.993285 -0.057834 0.100203 163.350679
0.104062 -0.032707 0.994033 351.084953 -0.057170 0.997610 0.038810 7.045097 -0.992926 -0.060867 0.101944 163.438101
0.105947 -0.036427 0.993704 351.978799 -0.054921 0.997589 0.042425 7.067419 -0.992854 -0.059070 0.103691 163.545085
0.108646 -0.040732 0.993246 352.871373 -0.047604 0.997801 0.046126 7.125242 -0.992940 -0.052294 0.106468 163.654520
0.111302 -0.043322 0.992842 353.761485 -0.043936 0.997858 0.048466 7.168981 -0.992815 -0.049016 0.109160 163.787751
0.114315 -0.048294 0.992270 354.649696 -0.043860 0.997598 0.053607 7.134577 -0.992476 -0.049649 0.111923 163.961212
0.119590 -0.056910 0.991191 355.551740 -0.045596 0.996988 0.062744 7.112256 -0.991776 -0.052698 0.116635 164.020493
0.123240 -0.060347 0.990540 356.446530 -0.042918 0.996891 0.066074 7.165569 -0.991448 -0.050655 0.120267 164.150295
0.127299 -0.059741 0.990064 357.345140 -0.042495 0.996939 0.065619 7.237641 -0.990954 -0.050426 0.124371 164.233724
0.130791 -0.058743 0.989668 358.245041 -0.045285 0.996847 0.065153 7.299138 -0.990375 -0.053339 0.127718 164.355658
0.135221 -0.056468 0.989205 359.144551 -0.050010 0.996713 0.063732 7.350872 -0.989553 -0.058088 0.131952 164.476344
0.140528 -0.053664 0.988621 360.046839 -0.050691 0.996830 0.061315 7.412426 -0.988778 -0.058731 0.137363 164.587188
0.145449 -0.051849 0.988006 360.946323 -0.052168 0.996835 0.059992 7.449893 -0.987989 -0.060268 0.142283 164.735317
0.150120 -0.048925 0.987457 361.848566 -0.053007 0.996940 0.057453 7.495472 -0.987246 -0.060967 0.147067 164.897641
0.156269 -0.047525 0.986570 362.750995 -0.053381 0.996976 0.056482 7.536716 -0.986271 -0.061491 0.153260 165.034922
0.163430 -0.045761 0.985493 363.652844 -0.052537 0.997103 0.055013 7.578414 -0.985155 -0.060765 0.160553 165.170662
0.171987 -0.045312 0.984057 364.552306 -0.052022 0.997130 0.055006 7.619935 -0.983725 -0.060653 0.169136 165.314713
0.180553 -0.043251 0.982614 365.445082 -0.051856 0.997225 0.053423 7.661340 -0.982197 -0.060600 0.177809 165.495663
0.189968 -0.041931 0.980895 366.339106 -0.051877 0.997263 0.052677 7.693513 -0.980419 -0.060893 0.187273 165.670564
0.199411 -0.039615 0.979115 367.234700 -0.051948 0.997350 0.050933 7.745023 -0.978538 -0.061020 0.196825 165.832234
0.209661 -0.037579 0.977052 368.130026 -0.052201 0.997406 0.049563 7.777249 -0.976380 -0.061394 0.207156 165.984259
0.218254 -0.035674 0.975240 369.014410 -0.053268 0.997406 0.048406 7.807804 -0.974437 -0.062514 0.215788 166.203791
0.224859 -0.035113 0.973758 369.878717 -0.054679 0.997321 0.048589 7.812138 -0.972856 -0.064169 0.222337 166.459796
0.231779 -0.033206 0.972202 370.759876 -0.055249 0.997355 0.047237 7.850742 -0.971198 -0.064661 0.229331 166.669053
0.237437 -0.031270 0.970899 371.637017 -0.055455 0.997415 0.045685 7.893437 -0.969819 -0.064688 0.235090 166.879363
0.239836 -0.029281 0.970372 372.487380 -0.054879 0.997538 0.043664 7.952703 -0.969261 -0.063726 0.237639 167.179508
0.245477 -0.028754 0.968976 373.379445 -0.055307 0.997516 0.043612 7.972295 -0.967823 -0.064297 0.243277 167.334312
0.248356 -0.026601 0.968303 374.237640 -0.055558 0.997586 0.041656 8.022104 -0.967074 -0.064143 0.246279 167.617107
0.252311 -0.025732 0.967304 375.104385 -0.054958 0.997652 0.040875 8.101294 -0.966084 -0.063475 0.250304 167.885862
0.256385 -0.023887 0.966279 375.986354 -0.053958 0.997782 0.038982 8.163783 -0.965067 -0.062133 0.254528 168.111875
0.260703 -0.021798 0.965173 376.872480 -0.053866 0.997859 0.037086 8.215134 -0.963915 -0.061658 0.258970 168.339927
0.264436 -0.019160 0.964213 377.743738 -0.055122 0.997868 0.034946 8.274813 -0.962827 -0.062390 0.262816 168.614047
0.268723 -0.018167 0.963046 378.626531 -0.057318 0.997749 0.034815 8.266843 -0.961511 -0.064555 0.267077 168.871653
0.273360 -0.018610 0.961732 379.505838 -0.059233 0.997590 0.036140 8.285319 -0.960086 -0.066845 0.271599 169.120790
0.277739 -0.018244 0.960483 380.377131 -0.061100 0.997460 0.036615 8.311953 -0.958712 -0.068855 0.275919 169.382064
0.282163 -0.017363 0.959209 381.237535 -0.062996 0.997343 0.036584 8.340191 -0.957296 -0.070749 0.280319 169.638824
0.286651 -0.017545 0.957874 382.095881 -0.063120 0.997314 0.037156 8.318043 -0.955953 -0.071112 0.284774 169.905254
0.291418 -0.015510 0.956470 382.940212 -0.060318 0.997581 0.034555 8.354237 -0.954692 -0.067762 0.289777 170.184907
0.295624 -0.012136 0.955227 383.776688 -0.058095 0.997840 0.030656 8.402682 -0.953536 -0.064557 0.294281 170.467691
0.300010 -0.011535 0.953866 384.623521 -0.057859 0.997866 0.030264 8.426879 -0.952180 -0.064269 0.298702 170.732656
0.303593 -0.011196 0.952736 385.476405 -0.063059 0.997503 0.031816 8.430899 -0.950713 -0.069738 0.302129 170.981004
0.305890 -0.008969 0.952025 386.306688 -0.067756 0.997215 0.031165 8.437658 -0.949653 -0.074038 0.304430 171.276204
0.307679 -0.004589 0.951479 387.149265 -0.068961 0.997251 0.027109 8.444418 -0.948988 -0.073956 0.306516 171.514898
0.307819 -0.000933 0.951444 387.942332 -0.065379 0.997615 0.022130 8.488781 -0.949196 -0.069017 0.307024 171.857290
0.308344 -0.000801 0.951274 388.737062 -0.061977 0.997858 0.020929 8.475976 -0.949254 -0.065411 0.307634 172.199732
0.309103 0.000120 0.951029 389.559070 -0.062863 0.997816 0.020306 8.465705 -0.948949 -0.066061 0.308435 172.470273
0.308118 0.004378 0.951338 390.341280 -0.067968 0.997535 0.017422 8.510202 -0.948917 -0.070028 0.307656 172.821934
0.308448 0.007931 0.951208 391.165408 -0.073473 0.997177 0.015511 8.529048 -0.948399 -0.074672 0.308160 173.067826
0.308711 0.009000 0.951113 391.975249 -0.076312 0.996966 0.015335 8.513210 -0.948090 -0.077315 0.308461 173.305664
0.308537 0.009974 0.951160 392.786697 -0.076370 0.996977 0.014318 8.528237 -0.948142 -0.077057 0.308366 173.523636
0.308152 0.010096 0.951284 393.582813 -0.075227 0.997071 0.013786 8.532045 -0.948358 -0.075810 0.308009 173.780389
0.305998 0.011604 0.951961 394.331920 -0.074322 0.997165 0.011734 8.565047 -0.949127 -0.074342 0.305993 174.149632
0.305222 0.005424 0.952266 395.123179 -0.074112 0.997086 0.018075 8.575722 -0.949393 -0.076092 0.304734 174.447639
0.306396 0.005072 0.951890 395.948405 -0.074403 0.997054 0.018636 8.580359 -0.948992 -0.076533 0.305871 174.625388
0.304855 0.005252 0.952384 396.711149 -0.072361 0.997222 0.017663 8.588831 -0.949646 -0.074300 0.304388 174.967645
0.302701 0.004963 0.953073 397.447045 -0.066215 0.997680 0.015835 8.652778 -0.950783 -0.067901 0.302327 175.346087
0.302916 0.002679 0.953014 398.245089 -0.061738 0.997951 0.016818 8.633082 -0.951016 -0.063931 0.302460 175.588807
0.302118 0.004708 0.953259 399.052169 -0.063043 0.997897 0.015052 8.688920 -0.951184 -0.064644 0.301780 175.847916
0.301968 0.004319 0.953308 399.862669 -0.065925 0.997690 0.016362 8.710078 -0.951036 -0.067788 0.301556 176.116300
0.301007 0.004897 0.953609 400.665963 -0.067064 0.997620 0.016046 8.701666 -0.951261 -0.068783 0.300619 176.416146
0.299534 0.004436 0.954075 401.435326 -0.065994 0.997690 0.016080 8.682902 -0.951801 -0.067780 0.299135 176.801682
0.297593 0.005036 0.954680 402.228071 -0.062295 0.997957 0.014154 8.702408 -0.952658 -0.063684 0.297299 177.193334
0.298903 0.004272 0.954274 403.075337 -0.060641 0.998054 0.014526 8.718236 -0.952355 -0.062210 0.298580 177.349502
0.299841 0.007052 0.953963 403.955393 -0.060407 0.998106 0.011608 8.777105 -0.952075 -0.061107 0.299699 177.613447
0.298257 0.006851 0.954461 404.725243 -0.062853 0.997945 0.012477 8.807119 -0.952414 -0.063712 0.298075 178.003265
0.296533 0.004102 0.955014 405.514304 -0.062260 0.997947 0.015046 8.800166 -0.952991 -0.063921 0.296179 178.432013
0.296581 0.000028 0.955008 406.364493 -0.059377 0.998066 0.018410 8.810718 -0.953160 -0.062166 0.296009 178.732348
0.297454 -0.003299 0.954731 407.241544 -0.057191 0.998137 0.021268 8.816715 -0.953022 -0.060928 0.296711 178.980860
0.298259 -0.005955 0.954466 408.097552 -0.057773 0.998034 0.024280 8.824008 -0.952735 -0.062384 0.297329 179.268594
0.300486 -0.011398 0.953718 408.977738 -0.054736 0.998075 0.029173 8.860819 -0.952214 -0.060969 0.299284 179.486502
0.300654 -0.017751 0.953568 409.794452 -0.054537 0.997871 0.035770 8.815775 -0.952173 -0.062759 0.299046 179.876751
0.298322 -0.014136 0.954361 410.599432 -0.058296 0.997754 0.033001 8.910338 -0.952683 -0.065481 0.296828 180.289779
0.301373 -0.010713 0.953446 411.501973 -0.065195 0.997365 0.031814 8.898863 -0.951275 -0.071748 0.299881 180.433274
0.302554 -0.012248 0.953054 412.368894 -0.068940 0.997017 0.034698 8.899095 -0.950636 -0.076202 0.300807 180.700852
0.303520 -0.011989 0.952750 413.240442 -0.067454 0.997142 0.034036 8.913666 -0.950435 -0.074598 0.301843 180.945839
0.304173 -0.012958 0.952529 414.100465 -0.064476 0.997335 0.034157 8.930304 -0.950432 -0.071805 0.302527 181.205114
0.303896 -0.014418 0.952596 414.930418 -0.061961 0.997470 0.034863 8.960903 -0.950688 -0.069618 0.302234 181.557444
0.304195 -0.015786 0.952479 415.786845 -0.062534 0.997375 0.036502 8.990951 -0.950555 -0.070666 0.302410 181.846429
0.303850 -0.018318 0.952544 416.598571 -0.064189 0.997150 0.039651 9.016604 -0.950555 -0.073191 0.301808 182.212100
0.304438 -0.017917 0.952364 417.447062 -0.066122 0.997014 0.039893 9.030983 -0.950234 -0.075117 0.302344 182.472006
0.303360 -0.016639 0.952731 418.264870 -0.066156 0.997067 0.038478 9.051014 -0.950577 -0.074702 0.301370 182.774897
0.303184 -0.016396 0.952791 419.089641 -0.066484 0.997052 0.038313 9.071032 -0.950610 -0.074962 0.301200 183.042464
0.303304 -0.017204 0.952738 419.917132 -0.067443 0.996942 0.039472 9.097691 -0.950504 -0.076228 0.301217 183.259247
0.302485 -0.018205 0.952980 420.731371 -0.069609 0.996726 0.041136 9.118137 -0.950609 -0.078779 0.300228 183.522368
0.301674 -0.018148 0.953238 421.528220 -0.071727 0.996553 0.041672 9.129310 -0.950709 -0.080945 0.299333 183.770046
0.300572 -0.017710 0.953595 422.325472 -0.071063 0.996633 0.040909 9.175991 -0.951108 -0.080061 0.298302 183.982480
0.299642 -0.018951 0.953863 423.107385 -0.068377 0.996805 0.041284 9.198551 -0.951598 -0.077593 0.297389 184.206315
0.299312 -0.019048 0.953965 423.891236 -0.064849 0.997083 0.040256 9.181802 -0.951949 -0.073913 0.297204 184.384930
0.298478 -0.017363 0.954258 424.656493 -0.060353 0.997490 0.037027 9.209533 -0.952506 -0.068644 0.296681 184.588027
0.297564 -0.016547 0.954558 425.417880 -0.056263 0.997808 0.034835 9.232827 -0.953043 -0.064072 0.295981 184.810127
0.296150 -0.018026 0.954971 426.157083 -0.055341 0.997818 0.035997 9.255396 -0.953537 -0.063510 0.294506 185.079080
0.294223 -0.017075 0.955584 426.900206 -0.060056 0.997534 0.036316 9.276077 -0.953848 -0.068073 0.292472 185.331476
0.293236 -0.017202 0.955885 427.651235 -0.064931 0.997171 0.037863 9.276175 -0.953833 -0.073169 0.291290 185.549859
0.311465 -0.015134 0.950137 428.291800 -0.068866 0.996885 0.038454 9.177982 -0.947759 -0.077409 0.309452 185.127127
0.311439 -0.018368 0.950089 429.026813 -0.067483 0.996861 0.041393 9.184050 -0.947867 -0.077006 0.309222 185.329300
0.312396 -0.016627 0.949806 429.756910 -0.064570 0.997163 0.038694 9.234404 -0.947755 -0.073417 0.310436 185.535265
0.311352 -0.016625 0.950149 430.464849 -0.062467 0.997326 0.037920 9.275126 -0.948239 -0.071159 0.309481 185.818828
0.311446 -0.018292 0.950088 431.190658 -0.060745 0.997387 0.039115 9.302879 -0.948320 -0.069895 0.309521 186.044394
0.311439 -0.019381 0.950068 431.905792 -0.059502 0.997432 0.039852 9.327485 -0.948401 -0.068942 0.309486 186.286049
0.313321 -0.021269 0.949409 432.651139 -0.057484 0.997491 0.041317 9.348630 -0.947906 -0.067521 0.311313 186.498056
0.313732 -0.020353 0.949293 433.363173 -0.056733 0.997582 0.040138 9.366920 -0.947815 -0.066449 0.311819 186.724020
0.311142 -0.021294 0.950125 434.035806 -0.056200 0.997587 0.040762 9.399463 -0.948700 -0.066079 0.309195 187.086289
0.309578 -0.021938 0.950621 434.742543 -0.057978 0.997438 0.041899 9.427284 -0.949105 -0.068086 0.307513 187.392015
0.310908 -0.023266 0.950155 435.476099 -0.059126 0.997291 0.043767 9.451658 -0.948599 -0.069787 0.308690 187.633812
0.312025 -0.023483 0.949784 436.207238 -0.060549 0.997171 0.044546 9.476994 -0.948143 -0.071408 0.309720 187.880236
0.313224 -0.022721 0.949408 436.922666 -0.061911 0.997099 0.044287 9.506612 -0.947659 -0.072650 0.310908 188.123671
0.314991 -0.022823 0.948820 437.625016 -0.063204 0.996987 0.044964 9.525425 -0.946988 -0.074132 0.312599 188.352566
0.316800 -0.021946 0.948238 438.329670 -0.063614 0.996990 0.044328 9.541635 -0.946357 -0.074364 0.314450 188.589736
0.318321 -0.019179 0.947789 439.021390 -0.063965 0.997082 0.041659 9.551112 -0.945822 -0.073887 0.316165 188.840595
0.320351 -0.018985 0.947109 439.696400 -0.063530 0.997118 0.041476 9.571597 -0.945166 -0.073457 0.318222 189.066827
0.322355 -0.017783 0.946452 440.365430 -0.064351 0.997099 0.040652 9.587864 -0.944429 -0.074009 0.320275 189.282250
0.323872 -0.016518 0.945957 441.029466 -0.066103 0.997009 0.040041 9.597561 -0.943789 -0.075498 0.321811 189.504041
0.324086 -0.013833 0.945926 441.684901 -0.068308 0.996941 0.037982 9.615669 -0.943558 -0.076924 0.322150 189.731546
0.325679 -0.014447 0.945370 442.316444 -0.069166 0.996840 0.039061 9.623834 -0.942947 -0.078109 0.323651 189.945536
0.326184 -0.014467 0.945196 442.937068 -0.068914 0.996858 0.039039 9.654051 -0.942791 -0.077871 0.324162 190.194313
0.327786 -0.015264 0.944629 443.578219 -0.068869 0.996823 0.040006 9.663676 -0.942238 -0.078169 0.325694 190.401514
0.326735 -0.017362 0.944957 444.132478 -0.070123 0.996630 0.042557 9.643887 -0.942511 -0.080168 0.324416 190.686195
0.327419 -0.018326 0.944702 444.728467 -0.069431 0.996642 0.043397 9.682909 -0.942325 -0.079801 0.325047 190.900208
0.327942 -0.018093 0.944525 445.321652 -0.068937 0.996693 0.043028 9.715780 -0.942179 -0.079223 0.325610 191.134682
0.329423 -0.018061 0.944010 445.883781 -0.068419 0.996732 0.042945 9.746539 -0.941700 -0.078735 0.327111 191.328425
0.330163 -0.017264 0.943766 446.458218 -0.069012 0.996715 0.042375 9.742233 -0.941398 -0.079122 0.327887 191.549846
0.331412 -0.017040 0.943332 446.996580 -0.069119 0.996712 0.042288 9.753691 -0.940951 -0.079217 0.329145 191.730280
0.331342 -0.017010 0.943357 447.526675 -0.070204 0.996621 0.042629 9.730815 -0.940895 -0.080352 0.329029 191.958817
0.332517 -0.015818 0.942965 448.062467 -0.071394 0.996568 0.041893 9.745332 -0.940391 -0.081252 0.330246 192.136208
0.333138 -0.014578 0.942765 448.586033 -0.072267 0.996544 0.040946 9.782149 -0.940105 -0.081772 0.330933 192.318276
0.333260 -0.014215 0.942728 449.094375 -0.073036 0.996493 0.040844 9.806676 -0.940002 -0.082465 0.331052 192.516574
0.334558 -0.015580 0.942246 449.600816 -0.072310 0.996491 0.042152 9.838296 -0.939597 -0.082236 0.332257 192.678090
0.336242 -0.015643 0.941646 450.106214 -0.073308 0.996394 0.042729 9.757535 -0.938918 -0.083397 0.333883 192.790368
0.335730 -0.012595 0.941874 450.571368 -0.070110 0.996803 0.038320 9.798926 -0.939346 -0.078900 0.333773 192.973489
0.335171 -0.011299 0.942090 451.022940 -0.068049 0.997026 0.036168 9.806145 -0.939697 -0.076230 0.333405 193.179787
0.336024 -0.010996 0.941789 451.480489 -0.066331 0.997173 0.035309 9.819868 -0.939515 -0.074335 0.334345 193.357025
0.337646 -0.012377 0.941192 451.933078 -0.065800 0.997157 0.036718 9.786017 -0.938970 -0.074328 0.335872 193.485091
0.338085 -0.013501 0.941019 452.367595 -0.065289 0.997152 0.037763 9.799293 -0.938848 -0.074206 0.336241 193.648435
0.337236 -0.013291 0.941326 452.791375 -0.066912 0.997033 0.038049 9.809934 -0.939039 -0.075817 0.335347 193.804569
0.335611 -0.011200 0.941934 453.206597 -0.068681 0.996977 0.036326 9.836988 -0.939494 -0.076885 0.333827 193.950352
0.334623 -0.010942 0.942289 453.615718 -0.069802 0.996898 0.036364 9.840305 -0.939763 -0.077942 0.332821 194.093727
0.332441 -0.010575 0.943065 453.988275 -0.070107 0.996894 0.035892 9.858894 -0.940515 -0.078048 0.330667 194.248700
0.330303 -0.011150 0.943809 454.352084 -0.070648 0.996833 0.036500 9.855761 -0.941227 -0.078734 0.328469 194.408935
0.329733 -0.011060 0.944010 454.719408 -0.070965 0.996812 0.036465 9.872412 -0.941403 -0.079016 0.327897 194.526824
0.329843 -0.010213 0.943980 455.080373 -0.071558 0.996794 0.035788 9.889485 -0.941320 -0.079354 0.328055 194.603514
0.328575 -0.010952 0.944414 455.425910 -0.071957 0.996736 0.036594 9.898785 -0.941733 -0.079982 0.326715 194.734197
0.328630 -0.011629 0.944387 455.767177 -0.072398 0.996672 0.037465 9.895334 -0.941680 -0.080684 0.326694 194.820064
0.327254 -0.010005 0.944884 456.087790 -0.072053 0.996769 0.035509 9.925586 -0.942185 -0.079702 0.325475 194.929070
0.327255 -0.008646 0.944896 456.405120 -0.072475 0.996783 0.034221 9.940218 -0.942153 -0.079681 0.325576 195.013855
0.324909 -0.007383 0.945716 456.694293 -0.072944 0.996795 0.032842 9.951862 -0.942928 -0.079655 0.323329 195.148357
0.325713 -0.007948 0.945435 457.001138 -0.073647 0.996713 0.033751 9.933956 -0.942596 -0.080621 0.324057 195.184926
0.325741 -0.009158 0.945415 457.290202 -0.072816 0.996740 0.034744 9.931175 -0.942651 -0.080159 0.324012 195.258154
0.324496 -0.009458 0.945840 457.565611 -0.070926 0.996892 0.034302 9.942472 -0.943224 -0.078216 0.322817 195.364143
0.323875 -0.009223 0.946055 457.842382 -0.069707 0.997002 0.033584 9.971362 -0.943528 -0.076824 0.322261 195.454626
0.323215 -0.008895 0.946284 458.112223 -0.070041 0.996988 0.033295 9.984724 -0.943730 -0.077040 0.321618 195.555895
0.325743 -0.007633 0.945428 458.396826 -0.072293 0.996839 0.032956 9.952107 -0.942691 -0.079083 0.324161 195.586627
0.322098 -0.006658 0.946683 458.616044 -0.073436 0.996787 0.031996 9.958045 -0.943854 -0.079826 0.320574 195.766579
0.325074 -0.006114 0.945669 458.888614 -0.076051 0.996571 0.032585 9.935948 -0.942626 -0.082511 0.323494 195.830624
0.326914 -0.004743 0.945042 459.153908 -0.076655 0.996559 0.031518 9.939097 -0.941940 -0.082746 0.325426 195.919962
0.333965 -0.002786 0.942581 459.429474 -0.078726 0.996419 0.030838 9.889844 -0.939292 -0.084505 0.332550 195.903150
0.337205 -0.003083 0.941426 459.684096 -0.078321 0.996436 0.031316 9.894308 -0.938168 -0.084293 0.335761 196.021037
0.345822 -0.001385 0.938299 459.960258 -0.081129 0.996210 0.031372 9.828958 -0.934786 -0.086972 0.344399 196.026989
0.352184 0.000630 0.935930 460.226309 -0.080237 0.996339 0.029521 9.850511 -0.932485 -0.085493 0.350945 196.124885
0.359270 0.002730 0.933230 460.476983 -0.080188 0.996388 0.027956 9.865111 -0.929782 -0.084878 0.358191 196.284756
0.368796 0.004035 0.929502 460.741458 -0.079282 0.996483 0.027131 9.871816 -0.926123 -0.083699 0.367819 196.417612
0.380169 0.003914 0.924909 461.015278 -0.078518 0.996518 0.028057 9.876455 -0.921578 -0.083288 0.379152 196.541250
0.393331 0.005965 0.919378 461.288255 -0.078346 0.996559 0.027053 9.896365 -0.916053 -0.082670 0.392444 196.689977
0.407618 0.009546 0.913103 461.562832 -0.078192 0.996638 0.024487 9.910821 -0.909798 -0.081379 0.406994 196.853395
0.425397 0.013821 0.904901 461.856769 -0.078632 0.996667 0.021742 9.913882 -0.901584 -0.080403 0.425066 196.991037
0.448068 0.014857 0.893876 462.159885 -0.073329 0.997104 0.020184 9.983888 -0.890987 -0.074591 0.447860 197.036796
0.468311 0.014144 0.883450 462.443530 -0.068299 0.997460 0.020236 10.014754 -0.880920 -0.069816 0.468088 197.189024
0.492881 0.015419 0.869960 462.759803 -0.067594 0.997500 0.020616 9.984553 -0.867467 -0.068965 0.492691 197.248229
0.511823 0.022372 0.858800 463.028968 -0.067738 0.997599 0.014382 10.028725 -0.856417 -0.065534 0.512109 197.393259
0.525897 0.027498 0.850104 463.287706 -0.066899 0.997718 0.009113 10.047876 -0.847913 -0.061663 0.526537 197.561877
0.532240 0.033710 0.845922 463.543192 -0.068274 0.997661 0.003200 10.047220 -0.843836 -0.059458 0.533297 197.725597
0.532326 0.035726 0.845785 463.794014 -0.068537 0.997648 0.000995 10.056141 -0.843760 -0.058497 0.533523 197.877952
0.529023 0.036664 0.847815 464.038671 -0.068779 0.997632 -0.000226 10.061569 -0.845816 -0.058193 0.530292 198.022804
0.519945 0.036438 0.853422 464.270645 -0.068476 0.997652 -0.000877 10.067106 -0.851451 -0.057983 0.521219 198.162012
0.505018 0.034283 0.862428 464.499342 -0.067218 0.997738 -0.000300 10.070632 -0.860488 -0.057818 0.506180 198.303697
0.493925 0.030266 0.868978 464.725611 -0.065407 0.997856 0.002423 10.066132 -0.867041 -0.058034 0.494845 198.355419
0.476247 0.025539 0.878940 464.987709 -0.063296 0.997981 0.005298 10.071983 -0.877030 -0.058157 0.476902 198.479812
0.457378 0.023063 0.888973 465.241267 -0.062821 0.998004 0.006430 10.067674 -0.887050 -0.058787 0.457914 198.569216
0.435511 0.022413 0.899904 465.479588 -0.063492 0.997965 0.005872 10.068163 -0.897942 -0.059694 0.436048 198.699222
0.415177 0.021949 0.909476 465.729015 -0.065170 0.997858 0.005668 10.060397 -0.907403 -0.061624 0.415718 198.789971
0.395264 0.021696 0.918311 465.995833 -0.068183 0.997656 0.005776 10.032535 -0.916034 -0.064896 0.395817 198.881714
0.376293 0.017197 0.926341 466.265659 -0.067299 0.997694 0.008816 10.029346 -0.924053 -0.065659 0.376583 198.976399
0.359505 0.011624 0.933071 466.529183 -0.064556 0.997836 0.012443 10.038741 -0.930907 -0.064709 0.359477 199.062564
0.344917 0.007624 0.938602 466.804309 -0.063541 0.997863 0.015244 10.040122 -0.936480 -0.064897 0.344664 199.144200
0.331037 0.007506 0.943588 467.074509 -0.063953 0.997848 0.014499 10.045817 -0.941448 -0.065145 0.330804 199.241648
0.320969 0.007171 0.947063 467.336699 -0.066377 0.997683 0.014941 10.039129 -0.944761 -0.067659 0.320701 199.317669
0.312945 0.005269 0.949757 467.603593 -0.069453 0.997434 0.017351 10.030393 -0.947229 -0.071394 0.312508 199.384625
0.307540 0.004723 0.951523 467.849710 -0.071867 0.997247 0.018278 10.011621 -0.948817 -0.074004 0.307033 199.428136
0.304352 0.003607 0.952553 468.081254 -0.070942 0.997302 0.018891 10.022422 -0.949914 -0.073325 0.303787 199.520351
0.306283 0.003423 0.951934 468.316794 -0.069971 0.997369 0.018927 10.029169 -0.949365 -0.072405 0.305717 199.602862
0.312483 0.001779 0.949922 468.533054 -0.069373 0.997371 0.020953 10.037416 -0.947387 -0.072446 0.311784 199.678549
0.321742 -0.000122 0.946827 468.737687 -0.069386 0.997308 0.023707 10.039055 -0.944281 -0.073324 0.320868 199.757973
0.331975 0.001007 0.943288 468.928289 -0.069198 0.997331 0.023288 10.060592 -0.940747 -0.073004 0.331158 199.864150
0.346182 0.007415 0.938138 469.113191 -0.071221 0.997291 0.018399 10.054674 -0.935460 -0.073184 0.345772 199.939598
0.359961 0.012795 0.932880 469.274383 -0.072035 0.997302 0.014117 10.050542 -0.930182 -0.072281 0.359912 200.018827
0.374696 0.016614 0.926999 469.441216 -0.073321 0.997239 0.011763 10.054019 -0.924244 -0.072376 0.374880 200.087055
0.389445 0.019255 0.920849 469.599611 -0.076851 0.996974 0.011655 10.045658 -0.917838 -0.075307 0.389746 200.166898
0.405633 0.017013 0.913878 469.736797 -0.074882 0.997084 0.014675 10.060748 -0.910964 -0.074385 0.405724 200.216384
0.420945 0.008192 0.907049 469.867383 -0.068577 0.997385 0.022817 10.046311 -0.904490 -0.071807 0.420406 200.275819
0.437522 0.003392 0.899201 469.988045 -0.059429 0.997916 0.025152 10.062198 -0.897242 -0.064443 0.436811 200.325140
0.452347 0.005597 0.891824 470.090280 -0.057905 0.998055 0.023107 10.067966 -0.889960 -0.062093 0.451792 200.399131
0.464668 0.013937 0.885375 470.177406 -0.062385 0.997907 0.017033 10.080121 -0.883285 -0.063148 0.464565 200.483399
0.477731 0.020465 0.878268 470.273696 -0.067425 0.997634 0.013429 10.081556 -0.875915 -0.065633 0.477980 200.567356
0.490468 0.023338 0.871146 470.359571 -0.069493 0.997505 0.012402 10.084588 -0.868684 -0.066621 0.490867 200.632605
0.490468 0.023338 0.871146 470.359571 -0.069493 0.997505 0.012402 10.084588 -0.868684 -0.066621 0.490867 200.632605
0.502292 0.023916 0.864367 470.440883 -0.069556 0.997496 0.012820 10.086728 -0.861896 -0.066562 0.502698 200.692747
0.502292 0.023916 0.864367 470.440883 -0.069556 0.997496 0.012820 10.086728 -0.861896 -0.066562 0.502698 200.692747
0.502292 0.023916 0.864367 470.440883 -0.069556 0.997496 0.012820 10.086728 -0.861896 -0.066562 0.502698 200.692747
0.502292 0.023916 0.864367 470.440883 -0.069556 0.997496 0.012820 10.086728 -0.861896 -0.066562 0.502698 200.692747
0.502292 0.023916 0.864367 470.440883 -0.069556 0.997496 0.012820 10.086728 -0.861896 -0.066562 0.502698 200.692747
0.502292 0.023916 0.864367 470.440883 -0.069556 0.997496 0.012820 10.086728 -0.861896 -0.066562 0.502698 200.692747
0.502292 0.023916 0.864367 470.440883 -0.069556 0.997496 0.012820 10.086728 -0.861896 -0.066562 0.502698 200.692747
0.502292 0.023916 0.864367 470.440883 -0.069556 0.997496 0.012820 10.086728 -0.861896 -0.066562 0.502698 200.692747
0.502292 0.023916 0.864367 470.440883 -0.069556 0.997496 0.012820 10.086728 -0.861896 -0.066562 0.502698 200.692747
0.502292 0.023916 0.864367 470.440883 -0.069556 0.997496 0.012820 10.086728 -0.861896 -0.066562 0.502698 200.692747
0.502292 0.023916 0.864367 470.440883 -0.069556 0.997496 0.012820 10.086728 -0.861896 -0.066562 0.502698 200.692747
0.502292 0.023916 0.864367 470.440883 -0.069556 0.997496 0.012820 10.086728 -0.861896 -0.066562 0.502698 200.692747
0.502292 0.023916 0.864367 470.440883 -0.069556 0.997496 0.012820 10.086728 -0.861896 -0.066562 0.502698 200.692747
0.502292 0.023916 0.864367 470.440883 -0.069556 0.997496 0.012820 10.086728 -0.861896 -0.066562 0.502698 200.692747
0.502292 0.023916 0.864367 470.440883 -0.069556 0.997496 0.012820 10.086728 -0.861896 -0.066562 0.502698 200.692747
