0.999997 0.002382 0.000868 0.000000 -0.002378 0.999983 -0.005354 0.000000 -0.000881 0.005352 0.999985 0.000000
0.999998 -0.001305 0.001148 0.000000 0.001311 0.999987 -0.004916 0.000000 -0.001141 0.004918 0.999987 0.000000
0.999996 -0.002813 0.000383 0.001050 0.002813 0.999996 -0.000446 -0.053135 -0.000382 0.000447 1.000000 2.926238
0.999980 -0.006292 0.000052 0.020189 0.006291 0.999962 0.006082 -0.071913 -0.000090 -0.006082 0.999982 3.886738
0.999942 -0.010303 -0.003000 0.042134 0.010320 0.999932 0.005440 -0.079377 0.002944 -0.005470 0.999981 4.845122
0.999895 -0.013199 -0.005906 0.055740 0.013218 0.999907 0.003240 -0.098306 0.005863 -0.003317 0.999977 5.777581
0.999869 -0.014463 -0.007207 0.069574 0.014462 0.999895 -0.000183 -0.107843 0.007209 0.000078 0.999974 6.714970
0.999852 -0.015509 -0.007469 0.051791 0.015499 0.999879 -0.001419 -0.113352 0.007490 0.001303 0.999971 7.644760
0.999825 -0.016559 -0.008745 0.049602 0.016562 0.999863 0.000348 -0.120366 0.008738 -0.000493 0.999962 8.574205
0.999776 -0.015937 -0.013941 0.070902 0.015988 0.999866 0.003577 -0.140609 0.013882 -0.003799 0.999896 9.504241
0.999765 -0.016959 -0.013516 0.049236 0.017022 0.999845 0.004564 -0.148219 0.013437 -0.004793 0.999898 10.427119
0.999755 -0.018245 -0.012569 0.026019 0.018307 0.999821 0.004783 -0.154209 0.012480 -0.005012 0.999910 11.377564
0.999728 -0.018741 -0.013874 0.015982 0.018813 0.999810 0.005093 -0.170157 0.013776 -0.005352 0.999891 12.261526
0.999675 -0.019351 -0.016588 0.008480 0.019417 0.999804 0.003827 -0.193646 0.016510 -0.004148 0.999855 13.171324
0.999672 -0.017697 -0.018518 0.000235 0.017754 0.999838 0.002926 -0.213029 0.018463 -0.003254 0.999824 14.079662
0.999619 -0.019552 -0.019458 -0.035493 0.019575 0.999808 0.001014 -0.226757 0.019435 -0.001395 0.999810 14.983264
0.999498 -0.019690 -0.024804 0.023727 0.019695 0.999806 -0.000023 -0.233933 0.024800 -0.000465 0.999692 15.882256
0.999469 -0.017055 -0.027747 0.045499 0.017020 0.999854 -0.001510 -0.220500 0.027768 0.001037 0.999614 16.778966
0.999505 -0.014246 -0.028050 -0.017496 0.014211 0.999898 -0.001453 -0.244028 0.028067 0.001054 0.999605 17.668376
0.999538 -0.015040 -0.026412 -0.082826 0.015056 0.999887 0.000410 -0.272838 0.026403 -0.000807 0.999651 18.557722
0.999465 -0.013462 -0.029803 -0.110561 0.013569 0.999902 0.003401 -0.308912 0.029754 -0.003803 0.999550 19.444195
0.999465 -0.013681 -0.029720 -0.153596 0.013789 0.999899 0.003427 -0.317906 0.029671 -0.003835 0.999552 20.323990
0.999397 -0.015462 -0.031093 -0.171337 0.015590 0.999871 0.003897 -0.335877 0.031029 -0.004380 0.999509 21.197952
0.999223 -0.017379 -0.035376 -0.174551 0.017512 0.999841 0.003448 -0.349915 0.035310 -0.004065 0.999368 22.067055
0.999066 -0.016437 -0.039970 -0.170421 0.016626 0.999852 0.004396 -0.359753 0.039892 -0.005056 0.999191 22.930205
0.999085 -0.016652 -0.039382 -0.220494 0.016953 0.999830 0.007310 -0.376966 0.039253 -0.007971 0.999198 23.785662
0.999040 -0.018405 -0.039742 -0.256485 0.018853 0.999763 0.010931 -0.395283 0.039531 -0.011669 0.999150 24.642618
0.999052 -0.017400 -0.039905 -0.300455 0.017880 0.999772 0.011712 -0.390527 0.039692 -0.012415 0.999135 25.468379
0.999062 -0.017748 -0.039510 -0.334388 0.018172 0.999781 0.010395 -0.398825 0.039317 -0.011103 0.999165 26.291925
0.998984 -0.016063 -0.042097 -0.351311 0.016413 0.999834 0.007968 -0.415398 0.041962 -0.008650 0.999082 27.106050
0.999012 -0.016370 -0.041317 -0.391271 0.016642 0.999842 0.006261 -0.428120 0.041208 -0.006942 0.999126 27.901865
0.999021 -0.014666 -0.041729 -0.445455 0.014959 0.999866 0.006714 -0.451197 0.041624 -0.007332 0.999106 28.692626
0.998844 -0.015486 -0.045508 -0.469826 0.015812 0.999852 0.006803 -0.463425 0.045395 -0.007515 0.998941 29.477644
0.998742 -0.015783 -0.047598 -0.503809 0.016149 0.999843 0.007297 -0.484307 0.047476 -0.008056 0.998840 30.248906
0.998673 -0.014271 -0.049481 -0.554400 0.014606 0.999873 0.006403 -0.472869 0.049383 -0.007117 0.998755 31.014197
0.998500 -0.016414 -0.052234 -0.583935 0.016837 0.999829 0.007672 -0.487167 0.052099 -0.008539 0.998605 31.774012
0.998398 -0.017188 -0.053900 -0.631158 0.017769 0.999789 0.010331 -0.508857 0.053711 -0.011272 0.998493 32.516844
0.998398 -0.014360 -0.054724 -0.696611 0.015048 0.999813 0.012182 -0.526665 0.054539 -0.012986 0.998427 33.251891
0.998388 -0.012409 -0.055382 -0.738719 0.013129 0.999834 0.012650 -0.534005 0.055216 -0.013357 0.998385 33.979015
0.998379 -0.008710 -0.056243 -0.814010 0.009376 0.999889 0.011578 -0.532296 0.056136 -0.012086 0.998350 34.717551
0.998151 -0.007092 -0.060364 -0.830606 0.007740 0.999915 0.010514 -0.530986 0.060284 -0.010961 0.998121 35.408065
0.998052 -0.007746 -0.061905 -0.859939 0.008442 0.999904 0.010989 -0.525505 0.061814 -0.011490 0.998022 36.100982
0.997940 -0.004994 -0.063960 -0.905845 0.005811 0.999904 0.012606 -0.515494 0.063891 -0.012952 0.997873 36.787999
0.998001 -0.002549 -0.063140 -0.965737 0.003440 0.999896 0.014007 -0.527708 0.063098 -0.014197 0.997906 37.462250
0.997856 0.000773 -0.065446 -0.978179 -0.000010 0.999932 0.011659 -0.528185 0.065451 -0.011633 0.997788 38.125279
0.998054 0.004032 -0.062221 -1.038440 -0.003482 0.999954 0.008935 -0.539785 0.062254 -0.008701 0.998022 38.775506
0.998179 0.004655 -0.060145 -1.087813 -0.004167 0.999957 0.008249 -0.558184 0.060181 -0.007984 0.998156 39.411036
0.998285 0.006281 -0.058204 -1.113217 -0.005793 0.999947 0.008558 -0.552125 0.058254 -0.008206 0.998268 40.048021
0.998515 0.010860 -0.053379 -1.163827 -0.010285 0.999886 0.011024 -0.550306 0.053492 -0.010459 0.998513 40.696166
0.998476 0.014326 -0.053288 -1.172720 -0.013531 0.999792 0.015241 -0.559382 0.053495 -0.014497 0.998463 41.301969
0.998684 0.018824 -0.047712 -1.203640 -0.018065 0.999704 0.016290 -0.559371 0.048004 -0.015406 0.998728 41.900457
0.998924 0.023565 -0.039948 -1.259920 -0.022935 0.999607 0.016149 -0.554723 0.040313 -0.015215 0.999071 42.482884
0.999079 0.027039 -0.033324 -1.288358 -0.026385 0.999453 0.019916 -0.562096 0.033844 -0.019018 0.999246 43.050912
0.999182 0.033455 -0.022710 -1.341085 -0.032977 0.999233 0.021126 -0.553776 0.023399 -0.020360 0.999519 43.596610
0.999185 0.037399 -0.015155 -1.379898 -0.037066 0.999078 0.021683 -0.560868 0.015952 -0.021103 0.999650 44.122261
0.999174 0.039900 -0.007750 -1.382105 -0.039725 0.998977 0.021591 -0.557193 0.008603 -0.021265 0.999737 44.629825
0.999070 0.043020 0.002731 -1.403473 -0.043068 0.998850 0.021090 -0.561576 -0.001820 -0.021188 0.999774 45.112788
0.998792 0.047923 0.010828 -1.407834 -0.048121 0.998663 0.018879 -0.566046 -0.009909 -0.019377 0.999763 45.576788
0.998692 0.047320 0.019345 -1.398705 -0.047632 0.998736 0.016026 -0.572736 -0.018562 -0.016927 0.999684 46.016203
0.998525 0.047100 0.027024 -1.374298 -0.047541 0.998743 0.015907 -0.565352 -0.026240 -0.017168 0.999508 46.437343
0.998385 0.046535 0.032588 -1.335265 -0.047104 0.998747 0.016911 -0.554363 -0.031760 -0.018419 0.999326 46.832856
0.997921 0.048920 0.041957 -1.335430 -0.049728 0.998593 0.018431 -0.559363 -0.040997 -0.020479 0.998949 47.205302
0.997558 0.051879 0.046765 -1.287243 -0.052809 0.998426 0.018868 -0.569821 -0.045713 -0.021292 0.998728 47.565275
0.996900 0.055691 0.055579 -1.268031 -0.056861 0.998188 0.019679 -0.580141 -0.054382 -0.022778 0.998260 47.876131
0.996007 0.059717 0.066366 -1.270057 -0.061103 0.997950 0.019053 -0.580287 -0.065092 -0.023032 0.997613 48.175303
0.995190 0.059228 0.078038 -1.283011 -0.060867 0.997969 0.018796 -0.568751 -0.076766 -0.023455 0.996773 48.450762
0.994437 0.057574 0.088202 -1.250565 -0.059418 0.998063 0.018418 -0.584750 -0.086971 -0.023557 0.995932 48.716155
0.993509 0.055597 0.099243 -1.215666 -0.057383 0.998236 0.015229 -0.594903 -0.098221 -0.020825 0.994947 48.975246
0.992153 0.056243 0.111661 -1.159026 -0.057974 0.998242 0.012307 -0.610276 -0.110773 -0.018684 0.993670 49.228374
0.989888 0.057707 0.129580 -1.146414 -0.059740 0.998144 0.011854 -0.634330 -0.128655 -0.019475 0.991498 49.485009
0.987510 0.058084 0.146460 -1.135618 -0.060280 0.998125 0.010596 -0.619547 -0.145570 -0.019292 0.989160 49.751464
0.985028 0.057510 0.162516 -1.064449 -0.060036 0.998139 0.010667 -0.616966 -0.161600 -0.020264 0.986648 49.982634
0.982290 0.055457 0.178969 -0.993294 -0.058119 0.998263 0.009661 -0.605209 -0.178123 -0.019892 0.983807 50.223960
0.978362 0.054218 0.199668 -0.946045 -0.057507 0.998288 0.010709 -0.602855 -0.198746 -0.021960 0.979805 50.475426
0.974640 0.052676 0.217490 -0.871370 -0.056311 0.998358 0.010547 -0.597046 -0.216577 -0.022527 0.976006 50.702968
0.969945 0.053807 0.237299 -0.789082 -0.057655 0.998293 0.009301 -0.597293 -0.236394 -0.022703 0.971392 50.938220
0.964516 0.054322 0.258377 -0.681913 -0.058666 0.998236 0.009124 -0.618303 -0.257426 -0.023958 0.966001 51.163004
0.956527 0.054216 0.286561 -0.607241 -0.059474 0.998183 0.009672 -0.619525 -0.285516 -0.026294 0.958013 51.407160
0.947974 0.055825 0.313416 -0.527379 -0.061819 0.998045 0.009213 -0.609079 -0.312289 -0.028109 0.949571 51.652041
0.938276 0.056973 0.341164 -0.437922 -0.063971 0.997909 0.009289 -0.606958 -0.339921 -0.030540 0.939958 51.900511
0.927557 0.055632 0.369516 -0.325944 -0.063893 0.997905 0.010145 -0.609449 -0.368178 -0.033019 0.929169 52.131294
0.914810 0.052530 0.400453 -0.198609 -0.062065 0.998013 0.010868 -0.619951 -0.399086 -0.034796 0.916253 52.359292
0.898269 0.047952 0.436823 -0.098558 -0.058958 0.998192 0.011664 -0.612190 -0.435474 -0.036232 0.899472 52.607205
0.880493 0.043865 0.472025 0.032800 -0.054933 0.998443 0.009685 -0.584361 -0.470865 -0.034458 0.881532 52.838459
0.861855 0.042092 0.505405 0.202694 -0.053302 0.998549 0.007731 -0.597119 -0.504346 -0.033602 0.862847 53.051534
0.841271 0.041199 0.539041 0.381048 -0.052421 0.998610 0.005489 -0.597063 -0.538065 -0.032875 0.842262 53.277650
0.817732 0.041329 0.574113 0.590588 -0.053285 0.998571 0.004010 -0.597343 -0.573127 -0.033871 0.818766 53.493556
0.792887 0.042968 0.607851 0.834775 -0.055766 0.998442 0.002164 -0.608567 -0.606811 -0.035614 0.794048 53.674192
0.764123 0.046869 0.643365 1.068672 -0.060751 0.998153 -0.000561 -0.618855 -0.642203 -0.038656 0.765559 53.902072
0.730676 0.046236 0.681157 1.311720 -0.063216 0.998000 0.000069 -0.638753 -0.679791 -0.043110 0.732138 54.142974
0.697600 0.041171 0.715304 1.627598 -0.062818 0.998018 0.003820 -0.651983 -0.713728 -0.047599 0.698803 54.314734
0.659484 0.038382 0.750738 1.948929 -0.064178 0.997924 0.005357 -0.661486 -0.748974 -0.051714 0.660578 54.534198
0.616287 0.035802 0.786708 2.254735 -0.065337 0.997847 0.005772 -0.659467 -0.784807 -0.054959 0.617299 54.791146
0.568880 0.032130 0.821793 2.597876 -0.064870 0.997876 0.005892 -0.662709 -0.819858 -0.056662 0.569756 55.015325
0.522478 0.028302 0.852183 2.994001 -0.066049 0.997789 0.007357 -0.689744 -0.850091 -0.060129 0.523192 55.175044
0.474924 0.025989 0.879643 3.403757 -0.068919 0.997592 0.007736 -0.687386 -0.877324 -0.064298 0.475572 55.333722
0.427269 0.023915 0.903808 3.837608 -0.074184 0.997207 0.008684 -0.699386 -0.901076 -0.070758 0.427850 55.479129
0.375984 0.026164 0.926257 4.270259 -0.080012 0.996785 0.004322 -0.705163 -0.923165 -0.075737 0.376869 55.645543
0.327559 0.021564 0.944585 4.723682 -0.080000 0.996782 0.004987 -0.719110 -0.941438 -0.077201 0.328230 55.783985
0.278722 0.009283 0.960327 5.193140 -0.078277 0.996846 0.013082 -0.713076 -0.957177 -0.078818 0.278569 55.922648
0.238060 -0.005786 0.971233 5.697839 -0.078286 0.996614 0.025126 -0.716788 -0.968090 -0.082015 0.236801 55.968672
0.193076 -0.015848 0.981056 6.213904 -0.075941 0.996629 0.031046 -0.696845 -0.978241 -0.080497 0.191222 56.071532
0.157179 -0.019945 0.987369 6.728744 -0.073872 0.996758 0.031894 -0.690217 -0.984803 -0.077952 0.155196 56.105644
0.125776 -0.029643 0.991616 7.262780 -0.071154 0.996710 0.038821 -0.690044 -0.989504 -0.075440 0.123253 56.117526
0.100558 -0.037603 0.994220 7.816105 -0.071666 0.996416 0.044935 -0.679099 -0.992347 -0.075770 0.097503 56.119262
0.074879 -0.045450 0.996156 8.382169 -0.072714 0.996053 0.050911 -0.659313 -0.994538 -0.076247 0.071279 56.098010
0.055692 -0.049410 0.997225 8.960360 -0.075167 0.995733 0.053534 -0.662443 -0.995615 -0.077940 0.051740 56.112950
0.041896 -0.051848 0.997776 9.536267 -0.073649 0.995775 0.054836 -0.643229 -0.996404 -0.075783 0.037900 56.022385
0.028141 -0.053384 0.998177 10.141426 -0.073617 0.995751 0.055330 -0.613304 -0.996890 -0.075040 0.024091 56.038887
0.016869 -0.051783 0.998516 10.742392 -0.072468 0.995968 0.052875 -0.583341 -0.997228 -0.073252 0.013048 56.024585
0.006819 -0.056179 0.998397 11.361221 -0.068254 0.996066 0.056514 -0.539622 -0.997645 -0.068530 0.002958 56.035106
-0.001551 -0.060638 0.998159 11.991272 -0.065821 0.996001 0.060405 -0.507275 -0.997830 -0.065607 -0.005536 56.067015
-0.008833 -0.060818 0.998110 12.630236 -0.067119 0.995934 0.060091 -0.485225 -0.997706 -0.066462 -0.012879 56.097647
-0.010542 -0.058446 0.998235 13.283645 -0.069416 0.995925 0.057577 -0.444603 -0.997532 -0.068687 -0.014556 56.077321
-0.013155 -0.056886 0.998294 13.945704 -0.076942 0.995478 0.055711 -0.410026 -0.996949 -0.076078 -0.017473 56.070364
-0.016763 -0.058500 0.998147 14.625252 -0.081835 0.995018 0.056942 -0.352561 -0.996505 -0.080729 -0.021467 56.092453
-0.017418 -0.061649 0.997946 15.312460 -0.085246 0.994555 0.059952 -0.334716 -0.996208 -0.084027 -0.022578 56.069852
-0.018018 -0.065308 0.997702 16.002255 -0.082372 0.994569 0.063616 -0.279355 -0.996439 -0.081036 -0.023300 56.083096
-0.018594 -0.064907 0.997718 16.698297 -0.075091 0.995163 0.063341 -0.240550 -0.997003 -0.073742 -0.023377 56.114381
-0.014922 -0.064854 0.997783 17.395736 -0.065903 0.995788 0.063739 -0.183357 -0.997714 -0.064806 -0.019134 56.037145
-0.012243 -0.064743 0.997827 18.115300 -0.065189 0.995830 0.063813 -0.134926 -0.997798 -0.064266 -0.016413 56.006359
-0.010967 -0.063191 0.997941 18.852431 -0.069083 0.995664 0.062288 -0.083498 -0.997551 -0.068258 -0.015285 55.997887
-0.006828 -0.063326 0.997970 19.586536 -0.074666 0.995239 0.062641 -0.024490 -0.997185 -0.074087 -0.011524 55.936002
-0.002456 -0.061464 0.998106 20.318741 -0.074586 0.995340 0.061110 0.031098 -0.997212 -0.074295 -0.007029 55.879163
-0.000485 -0.068092 0.997679 21.040563 -0.069785 0.995249 0.067892 0.048755 -0.997562 -0.069590 -0.005234 55.970503
0.003074 -0.069267 0.997593 21.769311 -0.062689 0.995623 0.069323 0.097578 -0.998028 -0.062751 -0.001282 55.952802
0.006007 -0.062445 0.998030 22.506152 -0.062301 0.996086 0.062698 0.138353 -0.998039 -0.062554 0.002093 55.954185
0.009869 -0.059080 0.998204 23.235581 -0.066866 0.995980 0.059610 0.169321 -0.997713 -0.067334 0.005879 55.991754
0.014326 -0.062087 0.997968 23.978313 -0.069521 0.995593 0.062937 0.208577 -0.997478 -0.070281 0.009947 55.989145
0.017581 -0.066797 0.997612 24.715834 -0.066012 0.995511 0.067820 0.274633 -0.997664 -0.067046 0.013093 55.995600
0.020537 -0.066332 0.997586 25.438686 -0.060168 0.995906 0.067459 0.323265 -0.997977 -0.061408 0.016462 56.027833
0.025231 -0.062989 0.997695 26.172107 -0.059455 0.996152 0.064395 0.371070 -0.997912 -0.060942 0.021389 56.041158
0.032362 -0.063540 0.997454 26.906738 -0.058941 0.996119 0.065368 0.422580 -0.997737 -0.060906 0.028491 55.979322
0.037209 -0.066519 0.997091 27.646293 -0.060767 0.995785 0.068700 0.477387 -0.997458 -0.063146 0.033010 55.974481
0.043556 -0.071465 0.996492 28.378651 -0.059992 0.995451 0.074012 0.517966 -0.997248 -0.063005 0.039070 55.910652
0.050724 -0.074618 0.995921 29.109063 -0.058994 0.995240 0.077572 0.565353 -0.996969 -0.062689 0.046081 55.825870
0.056448 -0.074266 0.995640 29.839042 -0.057895 0.995308 0.077523 0.627363 -0.996726 -0.062019 0.051883 55.756178
0.059758 -0.076315 0.995291 30.576664 -0.059461 0.995031 0.079865 0.678995 -0.996440 -0.063954 0.054923 55.805509
0.060814 -0.076943 0.995179 31.313385 -0.061218 0.994860 0.080660 0.729029 -0.996270 -0.065828 0.055792 55.883976
0.062922 -0.073872 0.995281 32.048412 -0.061039 0.995105 0.077718 0.785614 -0.996150 -0.065641 0.058105 55.950040
0.067897 -0.070508 0.995198 32.789662 -0.059278 0.995452 0.074570 0.839409 -0.995930 -0.064056 0.063409 55.987195
0.071745 -0.071668 0.994845 33.530884 -0.056651 0.995512 0.075802 0.916202 -0.995813 -0.061797 0.067363 55.998742
0.075094 -0.068626 0.994812 34.275784 -0.057115 0.995695 0.072999 0.968693 -0.995539 -0.062301 0.070851 56.064413
0.077739 -0.067757 0.994669 35.018310 -0.057081 0.995749 0.072292 1.002071 -0.995338 -0.062397 0.073541 56.131478
0.079355 -0.065481 0.994693 35.765438 -0.057232 0.995895 0.070126 1.051248 -0.995202 -0.062494 0.075281 56.249356
0.082618 -0.062780 0.994602 36.517393 -0.054822 0.996216 0.067436 1.106247 -0.995072 -0.060097 0.078864 56.301815
0.081332 -0.061331 0.994798 37.258752 -0.050374 0.996576 0.065559 1.161965 -0.995413 -0.055444 0.077964 56.443655
0.088447 -0.061771 0.994164 38.022064 -0.048718 0.996613 0.066257 1.197731 -0.994889 -0.054294 0.085138 56.436953
0.092283 -0.053826 0.994277 38.783559 -0.048612 0.997104 0.058491 1.238763 -0.994545 -0.053732 0.089399 56.525989
0.097479 -0.049452 0.994008 39.557750 -0.049482 0.997289 0.054468 1.288294 -0.994007 -0.054495 0.094768 56.527756
0.101877 -0.051313 0.993473 40.333164 -0.048067 0.997248 0.056437 1.329799 -0.993635 -0.053503 0.099131 56.597837
0.106167 -0.051959 0.992990 41.110605 -0.047411 0.997233 0.057250 1.359283 -0.993217 -0.053157 0.103410 56.665535
0.110525 -0.049672 0.992631 41.894044 -0.046583 0.997394 0.055097 1.399911 -0.992781 -0.052329 0.107923 56.743376
0.115679 -0.048953 0.992080 42.682994 -0.050706 0.997192 0.055118 1.420043 -0.991992 -0.056681 0.112872 56.840598
0.121700 -0.048514 0.991381 43.489720 -0.049715 0.997253 0.054904 1.466952 -0.991321 -0.055968 0.118954 56.921069
0.125838 -0.044015 0.991074 44.262038 -0.047524 0.997601 0.050339 1.498928 -0.990912 -0.053434 0.123445 57.034602
0.131647 -0.042667 0.990378 45.052425 -0.040721 0.997997 0.048408 1.525669 -0.990460 -0.046702 0.129646 57.126815
0.140739 -0.041937 0.989158 45.856882 -0.034651 0.998282 0.047254 1.576309 -0.989440 -0.040926 0.139044 57.204520
0.145143 -0.039912 0.988605 46.647881 -0.032045 0.998472 0.045015 1.611287 -0.988892 -0.038214 0.143642 57.428920
0.153674 -0.035909 0.987469 47.437414 -0.036861 0.998436 0.042045 1.618650 -0.987434 -0.042860 0.152110 57.564631
0.162574 -0.035951 0.986041 48.247326 -0.037373 0.998395 0.042563 1.662881 -0.985988 -0.043771 0.160969 57.701085
0.170299 -0.034689 0.984782 49.060513 -0.041115 0.998260 0.042274 1.693788 -0.984534 -0.047689 0.168576 57.829032
0.176646 -0.031970 0.983755 49.873706 -0.046108 0.998106 0.040716 1.728294 -0.983194 -0.052552 0.174837 57.977735
0.183530 -0.030700 0.982535 50.674273 -0.055472 0.997596 0.041533 1.727393 -0.981448 -0.062126 0.181385 58.168234
0.189008 -0.029723 0.981526 51.488516 -0.056589 0.997551 0.041105 1.764205 -0.980344 -0.063313 0.186863 58.343287
0.195495 -0.030822 0.980220 52.267645 -0.053812 0.997663 0.042102 1.788557 -0.979227 -0.060979 0.193379 58.509179
0.201100 -0.031486 0.979065 53.055910 -0.046810 0.998033 0.041710 1.820301 -0.978452 -0.054218 0.199231 58.648990
0.204788 -0.030797 0.978322 53.827693 -0.042814 0.998266 0.040387 1.858659 -0.977870 -0.050157 0.203114 58.839972
0.208456 -0.028987 0.977602 54.582272 -0.040362 0.998454 0.038212 1.879928 -0.977198 -0.047423 0.206964 59.020708
0.213060 -0.026493 0.976680 55.348453 -0.041922 0.998464 0.036229 1.886020 -0.976139 -0.048663 0.211622 59.174795
0.216770 -0.032962 0.975666 56.114953 -0.041573 0.998211 0.042960 1.912941 -0.975337 -0.049874 0.215012 59.363032
0.220797 -0.035352 0.974679 56.852788 -0.046564 0.997821 0.046739 1.958268 -0.974208 -0.055704 0.218669 59.536046
0.223567 -0.034683 0.974071 57.589998 -0.051186 0.997570 0.047268 2.003434 -0.973344 -0.060427 0.221248 59.732887
0.228460 -0.031555 0.973042 58.333321 -0.053586 0.997552 0.044931 2.050999 -0.972077 -0.062406 0.226210 59.867451
0.233035 -0.029951 0.972007 59.054917 -0.053534 0.997615 0.043575 2.071851 -0.970994 -0.062190 0.230876 60.031183
0.234603 -0.028859 0.971663 59.760022 -0.051156 0.997808 0.041987 2.099948 -0.970744 -0.059557 0.232612 60.218395
0.237374 -0.024235 0.971116 60.458363 -0.049036 0.998115 0.036895 2.117746 -0.970180 -0.056378 0.235738 60.389802
0.238981 -0.022171 0.970771 61.136210 -0.047603 0.998270 0.034517 2.104890 -0.969857 -0.054461 0.237512 60.598349
0.240895 -0.022838 0.970282 61.810601 -0.041365 0.998573 0.033774 2.129032 -0.969669 -0.048272 0.239606 60.764752
0.244855 -0.023825 0.969267 62.490829 -0.039130 0.998641 0.034432 2.143761 -0.968770 -0.046358 0.243590 60.888888
0.245630 -0.020213 0.969153 63.146228 -0.039963 0.998721 0.030958 2.165953 -0.968539 -0.046334 0.244509 61.085881
0.246464 -0.019020 0.968965 63.804507 -0.042585 0.998629 0.030434 2.183520 -0.968216 -0.048764 0.245317 61.243007
0.246727 -0.019563 0.968888 64.451950 -0.045034 0.998485 0.031628 2.200805 -0.968038 -0.051436 0.245472 61.409071
0.243818 -0.020414 0.969606 65.075992 -0.046067 0.998406 0.032604 2.206018 -0.968726 -0.052617 0.242489 61.605446
0.241205 -0.019599 0.970276 65.694328 -0.047245 0.998373 0.031911 2.214661 -0.969324 -0.053538 0.239886 61.789216
0.238447 -0.018029 0.970988 66.315916 -0.046185 0.998486 0.029881 2.235470 -0.970057 -0.051970 0.237254 61.926455
0.237627 -0.017165 0.971205 66.939467 -0.043035 0.998676 0.028180 2.243042 -0.970403 -0.048492 0.236574 62.072742
0.234932 -0.017263 0.971858 67.515798 -0.039267 0.998858 0.027235 2.238980 -0.971218 -0.044561 0.233986 62.197673
0.230906 -0.018395 0.972802 68.115014 -0.039555 0.998817 0.028276 2.234633 -0.972172 -0.045008 0.229906 62.353660
0.229233 -0.018751 0.973191 68.685761 -0.039640 0.998805 0.028581 2.271841 -0.972564 -0.045129 0.228215 62.513345
0.225807 -0.017060 0.974023 69.265240 -0.042413 0.998726 0.027325 2.293367 -0.973248 -0.047481 0.224796 62.641174
0.223346 -0.019515 0.974544 69.833538 -0.044787 0.998538 0.030260 2.302217 -0.973710 -0.050406 0.222145 62.762390
0.220540 -0.022416 0.975120 70.382586 -0.044995 0.998438 0.033128 2.296887 -0.974340 -0.051182 0.219187 62.888335
0.219823 -0.025663 0.975202 70.929646 -0.040720 0.998541 0.035456 2.317868 -0.974690 -0.047504 0.218458 62.988262
0.217642 -0.029861 0.975572 71.467342 -0.036393 0.998589 0.038684 2.359061 -0.975350 -0.043924 0.216249 63.109152
0.215188 -0.029345 0.976132 72.002195 -0.034980 0.998675 0.037735 2.373716 -0.975946 -0.042265 0.213876 63.229105
0.211633 -0.028584 0.976931 72.526513 -0.031953 0.998836 0.036147 2.401722 -0.976827 -0.038865 0.210473 63.384581
0.209525 -0.031826 0.977285 73.068036 -0.033190 0.998663 0.039638 2.405556 -0.977240 -0.040741 0.208188 63.504186
0.211124 -0.036595 0.976774 73.609992 -0.031659 0.998519 0.044252 2.447325 -0.976946 -0.040266 0.209653 63.596329
0.211719 -0.041378 0.976454 74.144526 -0.031754 0.998285 0.049188 2.462915 -0.976815 -0.041421 0.210042 63.742788
0.213461 -0.043795 0.975970 74.684720 -0.031618 0.998162 0.051706 2.477643 -0.976440 -0.041895 0.211684 63.886807
0.218204 -0.041065 0.975039 75.237761 -0.034425 0.998169 0.049743 2.474731 -0.975296 -0.044420 0.216391 64.003220
0.225077 -0.040180 0.973512 75.788348 -0.034173 0.998209 0.049100 2.493440 -0.973742 -0.044319 0.223301 64.109716
0.233326 -0.043066 0.971445 76.350033 -0.034531 0.998022 0.052538 2.509807 -0.971785 -0.045804 0.231377 64.222271
0.241361 -0.042323 0.969512 76.925248 -0.034437 0.998046 0.052141 2.545355 -0.969824 -0.045972 0.239432 64.361596
0.249210 -0.044067 0.967446 77.482516 -0.036859 0.997809 0.054945 2.545770 -0.967748 -0.049352 0.247039 64.510825
0.257943 -0.040517 0.965310 78.039797 -0.038712 0.997885 0.052229 2.568324 -0.965384 -0.050841 0.255829 64.680616
0.265352 -0.040409 0.963305 78.625109 -0.038788 0.997865 0.052543 2.599848 -0.963371 -0.051308 0.263218 64.863271
0.273159 -0.035092 0.961329 79.184068 -0.036468 0.998238 0.046802 2.637062 -0.961277 -0.047842 0.271398 65.046430
0.282057 -0.031867 0.958868 79.779709 -0.035380 0.998423 0.043589 2.671346 -0.958745 -0.046219 0.280485 65.244983
0.292294 -0.028651 0.955899 80.370265 -0.034206 0.998598 0.040391 2.688115 -0.955717 -0.044504 0.290904 65.440971
0.301209 -0.026212 0.953198 80.964690 -0.032641 0.998753 0.037779 2.719262 -0.952999 -0.042493 0.299977 65.663308
0.311481 -0.024441 0.949938 81.583358 -0.032552 0.998808 0.036372 2.732290 -0.949695 -0.042252 0.310314 65.841721
0.320528 -0.021410 0.946997 82.198517 -0.031460 0.998952 0.033233 2.783472 -0.946716 -0.040444 0.319519 66.087094
0.329600 -0.015556 0.943993 82.826026 -0.032532 0.999083 0.027823 2.811126 -0.943560 -0.039880 0.328791 66.340827
0.342741 -0.016030 0.939293 83.492456 -0.036222 0.998885 0.030264 2.837108 -0.938732 -0.044395 0.341778 66.555392
0.352465 -0.020304 0.935605 84.142528 -0.038700 0.998593 0.036250 2.869116 -0.935024 -0.048985 0.351184 66.837862
0.362882 -0.022988 0.931551 84.815804 -0.041753 0.998290 0.040900 2.883975 -0.930899 -0.053737 0.361302 67.103112
0.374874 -0.024760 0.926745 85.501916 -0.045806 0.997928 0.045190 2.881434 -0.925943 -0.059391 0.372963 67.370730
0.384499 -0.031482 0.922589 86.201818 -0.042640 0.997746 0.051817 2.915254 -0.922140 -0.059262 0.382290 67.651832
0.392315 -0.038155 0.919039 86.894042 -0.043535 0.997249 0.059986 2.944573 -0.918800 -0.063544 0.389574 67.954832
0.398220 -0.045525 0.916160 87.609856 -0.044778 0.996612 0.068987 2.997775 -0.916196 -0.068496 0.394832 68.265966
0.405939 -0.052333 0.912401 88.326710 -0.044274 0.996061 0.076829 3.034426 -0.912827 -0.071583 0.402023 68.566948
0.414034 -0.053579 0.908683 89.055910 -0.042933 0.996006 0.078290 3.059729 -0.909248 -0.071427 0.410080 68.845682
0.422047 -0.054409 0.904940 89.765955 -0.034860 0.996485 0.076171 3.106667 -0.905903 -0.063694 0.418667 69.152054
0.429003 -0.056748 0.901519 90.478777 -0.027224 0.996759 0.075698 3.172947 -0.902893 -0.057018 0.426067 69.476918
0.434899 -0.054878 0.898805 91.179926 -0.025342 0.997000 0.073135 3.242491 -0.900122 -0.054584 0.432204 69.810686
0.441415 -0.046608 0.896092 91.871232 -0.030240 0.997310 0.066769 3.280103 -0.896793 -0.056571 0.438818 70.147493
0.444303 -0.040609 0.894956 92.536590 -0.031447 0.997650 0.060881 3.318004 -0.895324 -0.055193 0.441982 70.521551
0.448218 -0.041246 0.892972 93.204682 -0.028438 0.997771 0.060361 3.356565 -0.893472 -0.052450 0.446047 70.866535
0.453832 -0.039149 0.890227 93.883844 -0.026852 0.997980 0.057576 3.383675 -0.890683 -0.050034 0.451864 71.198374
0.457270 -0.033993 0.888678 94.523608 -0.026635 0.998297 0.051892 3.429533 -0.888929 -0.047398 0.455586 71.536246
0.460792 -0.030873 0.886971 95.169190 -0.029372 0.998317 0.050008 3.474690 -0.887022 -0.049095 0.459110 71.888233
0.464145 -0.032068 0.885179 95.826831 -0.031418 0.998120 0.052633 3.503104 -0.885202 -0.052240 0.462264 72.221515
0.469162 -0.031569 0.882548 96.463307 -0.034245 0.997959 0.053902 3.529023 -0.882448 -0.055512 0.467123 72.524228
0.472823 -0.031058 0.880610 97.091885 -0.034467 0.997962 0.053703 3.581422 -0.880483 -0.055744 0.470789 72.880583
0.476513 -0.029217 0.878682 97.685546 -0.034430 0.998061 0.051857 3.601275 -0.878493 -0.054963 0.474583 73.192581
0.479468 -0.028380 0.877101 98.286324 -0.034657 0.998085 0.051240 3.610830 -0.876875 -0.054966 0.477566 73.506785
0.482581 -0.030257 0.875329 98.886132 -0.034648 0.997961 0.053598 3.623839 -0.875166 -0.056194 0.480549 73.813258
0.483180 -0.032620 0.874913 99.461480 -0.034331 0.997831 0.056163 3.636984 -0.874848 -0.057173 0.481012 74.142201
0.483401 -0.030492 0.874868 100.026357 -0.033856 0.997994 0.053490 3.682071 -0.874744 -0.055476 0.481399 74.470918
0.486134 -0.031097 0.873331 100.598923 -0.033970 0.997939 0.054443 3.714728 -0.873224 -0.056134 0.484076 74.769503
0.488310 -0.028201 0.872215 101.138465 -0.035136 0.998032 0.051940 3.714272 -0.871963 -0.056009 0.486358 75.100620
0.492155 -0.031026 0.869955 101.688109 -0.031947 0.998048 0.053668 3.740657 -0.869921 -0.054206 0.490203 75.382465
0.495396 -0.032378 0.868064 102.229295 -0.031391 0.997985 0.055139 3.760260 -0.868100 -0.054565 0.493382 75.678624
0.497271 -0.034529 0.866908 102.747476 -0.030890 0.997870 0.057464 3.779531 -0.867045 -0.055354 0.495145 75.992575
0.498638 -0.035835 0.866070 103.257339 -0.029499 0.997865 0.058272 3.817850 -0.866308 -0.054605 0.496516 76.307359
0.502991 -0.037915 0.863459 103.774000 -0.027909 0.997804 0.060071 3.851395 -0.863841 -0.054313 0.500829 76.590556
0.507731 -0.037831 0.860685 104.285340 -0.028618 0.997743 0.060738 3.874278 -0.861040 -0.055469 0.505502 76.876177
0.511527 -0.037855 0.858433 104.788417 -0.027903 0.997770 0.060627 3.898058 -0.858814 -0.054965 0.509331 77.163615
0.514851 -0.037334 0.856466 105.279680 -0.026968 0.997851 0.059709 3.932979 -0.856855 -0.053839 0.512738 77.467027
0.517014 -0.039107 0.855083 105.770776 -0.024086 0.997896 0.060202 3.966179 -0.855638 -0.051721 0.514984 77.773730
0.522613 -0.036409 0.851792 106.270730 -0.023168 0.998112 0.056878 3.982058 -0.852255 -0.049460 0.520783 78.060190
0.527795 -0.030401 0.848828 106.745091 -0.023815 0.998437 0.050567 3.971366 -0.849038 -0.046904 0.526246 78.366935
0.531217 -0.024661 0.846877 107.206650 -0.021425 0.998866 0.042527 3.998180 -0.846965 -0.040735 0.530086 78.713536
0.537093 -0.019306 0.843302 107.670248 -0.021066 0.999119 0.036290 4.006061 -0.843260 -0.037257 0.536214 79.044468
0.543539 -0.014556 0.839258 108.144910 -0.022129 0.999254 0.031663 4.003337 -0.839092 -0.035782 0.542811 79.374727
0.546979 -0.011028 0.837073 108.615510 -0.025333 0.999237 0.029718 4.017860 -0.836763 -0.037461 0.546283 79.728064
0.549886 -0.005858 0.835219 109.081093 -0.031179 0.999134 0.027535 4.050278 -0.834657 -0.041182 0.549228 80.109571
0.557652 -0.001858 0.830073 109.585325 -0.038220 0.998879 0.027913 4.083370 -0.829194 -0.047291 0.556956 80.457014
0.564481 0.005659 0.825427 110.110044 -0.048444 0.998480 0.026283 4.068361 -0.824024 -0.054823 0.563897 80.794534
0.571922 0.008579 0.820263 110.626230 -0.052763 0.998259 0.026348 4.073848 -0.818610 -0.058349 0.571379 81.158207
0.578827 0.014045 0.815329 111.135097 -0.053925 0.998322 0.021086 4.087328 -0.813665 -0.056172 0.578614 81.531853
0.584988 0.016701 0.810870 111.641837 -0.053336 0.998416 0.017914 4.102936 -0.809286 -0.053728 0.584952 81.932579
0.590445 0.020689 0.806813 112.152112 -0.054532 0.998410 0.014306 4.093395 -0.805234 -0.052444 0.590634 82.346398
0.597779 0.021706 0.801367 112.700181 -0.052668 0.998537 0.012242 4.118252 -0.799929 -0.049524 0.598048 82.745622
0.603160 0.026274 0.797187 113.226780 -0.056070 0.998381 0.009519 4.116474 -0.795647 -0.050440 0.603657 83.197590
0.608613 0.030730 0.792872 113.774715 -0.058827 0.998247 0.006465 4.127973 -0.791283 -0.050577 0.609354 83.644881
0.616380 0.030791 0.786847 114.333667 -0.060716 0.998119 0.008503 4.114123 -0.785105 -0.053016 0.617090 84.103175
0.623718 0.028954 0.781113 114.880433 -0.059653 0.998163 0.010634 4.138936 -0.779370 -0.053228 0.624299 84.591462
0.631294 0.029289 0.774990 115.453638 -0.059569 0.998166 0.010800 4.137628 -0.773252 -0.052983 0.631881 85.064711
0.639545 0.034929 0.767960 116.034089 -0.063619 0.997945 0.007592 4.136121 -0.766117 -0.053713 0.640453 85.540476
0.647554 0.037463 0.761098 116.616609 -0.065744 0.997813 0.006821 4.115053 -0.759179 -0.054454 0.648600 86.039194
0.654421 0.037665 0.755192 117.180833 -0.065029 0.997862 0.006583 4.120133 -0.753329 -0.053418 0.655471 86.580808
0.656219 0.037511 0.753637 117.716534 -0.065479 0.997827 0.007349 4.123825 -0.751724 -0.054170 0.657249 87.170006
0.657573 0.036349 0.752513 118.277045 -0.065716 0.997796 0.009228 4.109784 -0.750519 -0.055520 0.658512 87.752064
0.664389 0.031834 0.746709 118.945575 -0.061363 0.998043 0.012049 4.131243 -0.744864 -0.053825 0.665042 88.256821
0.667621 0.027975 0.743975 119.545419 -0.059844 0.998077 0.016172 4.114111 -0.742092 -0.055319 0.668012 88.798677
0.670563 0.020343 0.741574 120.204639 -0.055517 0.998197 0.022818 4.123757 -0.739772 -0.056471 0.670483 89.341141
0.672965 0.015482 0.739512 120.832797 -0.053408 0.998188 0.027704 4.150951 -0.737744 -0.058139 0.672573 89.927395
0.675434 0.009305 0.737362 121.461164 -0.050823 0.998130 0.033958 4.179146 -0.735667 -0.060411 0.674644 90.500771
0.679471 0.009362 0.733643 122.119606 -0.051036 0.998100 0.034531 4.207836 -0.731925 -0.060905 0.678658 91.062793
0.683461 0.010539 0.729911 122.754385 -0.050338 0.998196 0.032722 4.232011 -0.728249 -0.059106 0.682759 91.649464
0.686398 0.015830 0.727053 123.381879 -0.052239 0.998254 0.027584 4.263575 -0.725347 -0.056914 0.686026 92.286143
0.690251 0.020041 0.723293 124.010990 -0.055291 0.998155 0.025109 4.290617 -0.721455 -0.057323 0.690085 92.886115
0.693971 0.019659 0.719735 124.661758 -0.058175 0.997890 0.028836 4.297135 -0.717649 -0.061882 0.693650 93.496247
0.694208 0.023987 0.719374 125.278442 -0.064881 0.997461 0.029352 4.333101 -0.716844 -0.067050 0.694002 94.152279
0.695584 0.022343 0.718097 125.887075 -0.068291 0.997047 0.035128 4.352372 -0.715192 -0.073474 0.695056 94.820633
0.702384 0.019956 0.711518 126.542616 -0.068243 0.996890 0.039407 4.373204 -0.708519 -0.076235 0.701562 95.438758
0.705930 0.013361 0.708155 127.181870 -0.061944 0.997156 0.042935 4.394396 -0.705567 -0.074175 0.704750 96.077892
0.709900 0.003792 0.704292 127.802248 -0.049792 0.997754 0.044817 4.440005 -0.702540 -0.066884 0.708494 96.723802
0.712943 -0.000173 0.701222 128.421929 -0.040397 0.998329 0.041318 4.488310 -0.700058 -0.057785 0.711745 97.400125
0.719309 -0.002303 0.694687 129.061777 -0.036945 0.998453 0.041564 4.496689 -0.693707 -0.055562 0.718111 98.028071
0.723629 -0.004269 0.690176 129.672747 -0.037302 0.998277 0.045285 4.535116 -0.689181 -0.058515 0.722223 98.717917
0.731092 -0.009268 0.682216 130.320582 -0.036529 0.997942 0.052704 4.537776 -0.681300 -0.063453 0.729249 99.382318
0.735022 -0.013896 0.677900 130.926762 -0.031680 0.997994 0.054807 4.590368 -0.677302 -0.061760 0.733108 100.080323
0.735741 -0.016175 0.677070 131.500485 -0.026483 0.998263 0.052626 4.620325 -0.676745 -0.056650 0.734035 100.808355
0.737531 -0.016628 0.675109 132.073883 -0.024950 0.998343 0.051847 4.652618 -0.674853 -0.055082 0.735894 101.538945
0.739741 -0.017847 0.672655 132.682694 -0.024605 0.998262 0.053545 4.687098 -0.672442 -0.056160 0.738016 102.254824
0.744345 -0.021111 0.667461 133.342439 -0.024323 0.997980 0.058689 4.731975 -0.667352 -0.059919 0.742328 102.924137
0.746499 -0.023947 0.664955 133.999510 -0.024448 0.997690 0.063375 4.774351 -0.664937 -0.063566 0.744189 103.623671
0.743539 -0.026500 0.668167 134.579632 -0.024876 0.997427 0.067241 4.824616 -0.668230 -0.066618 0.740966 104.341082
0.743060 -0.026991 0.668680 135.194608 -0.025851 0.997283 0.068982 4.873151 -0.668725 -0.068543 0.740344 105.055161
0.743585 -0.025673 0.668148 135.840421 -0.027784 0.997213 0.069238 4.930291 -0.668064 -0.070048 0.740799 105.742744
0.743523 -0.024487 0.668262 136.470982 -0.027783 0.997335 0.067456 4.979847 -0.668133 -0.068721 0.740861 106.452930
0.743422 -0.019631 0.668534 137.134610 -0.030724 0.997512 0.063456 5.026311 -0.668117 -0.067715 0.740969 107.153983
0.740487 -0.014999 0.671903 137.735186 -0.033251 0.997709 0.058917 5.069572 -0.671247 -0.065969 0.738292 107.855081
0.739155 -0.010596 0.673452 138.348965 -0.036831 0.997744 0.056123 5.114392 -0.672527 -0.066288 0.737098 108.560686
0.736759 -0.010338 0.676077 138.991338 -0.037157 0.997753 0.055749 5.172141 -0.675134 -0.066195 0.734719 109.263356
0.734511 -0.010734 0.678512 139.619755 -0.036698 0.997783 0.055512 5.236155 -0.677604 -0.065674 0.732489 109.959352
0.732989 -0.009900 0.680169 140.285554 -0.038904 0.997647 0.056446 5.292487 -0.679127 -0.067835 0.730879 110.607225
0.729520 -0.015401 0.683786 140.921519 -0.036372 0.997458 0.061270 5.327215 -0.682992 -0.069568 0.727105 111.289805
0.726658 -0.014502 0.686847 141.549315 -0.034129 0.997781 0.057174 5.351172 -0.686151 -0.064988 0.724550 111.958475
0.723804 -0.008801 0.689950 142.176307 -0.032293 0.998391 0.046613 5.384955 -0.689250 -0.056019 0.722355 112.621470
0.721045 -0.006477 0.692858 142.842942 -0.029615 0.998754 0.040156 5.422309 -0.692255 -0.049473 0.719955 113.255565
0.718468 -0.004567 0.695545 143.508059 -0.033647 0.998580 0.041313 5.460026 -0.694746 -0.053085 0.717294 113.911704
0.716182 -0.002311 0.697910 144.148894 -0.038723 0.998323 0.043043 5.489633 -0.696839 -0.057852 0.714891 114.555368
0.713632 -0.000736 0.700520 144.808239 -0.042637 0.998100 0.044483 5.525263 -0.699222 -0.061613 0.712245 115.214158
0.709758 0.000162 0.704445 145.425178 -0.042637 0.998176 0.042729 5.569159 -0.703154 -0.060363 0.708471 115.855798
0.706835 -0.002244 0.707375 146.069947 -0.040763 0.998204 0.043899 5.606946 -0.706203 -0.059864 0.705474 116.492082
0.701641 -0.004787 0.712515 146.698132 -0.036072 0.998457 0.042230 5.659442 -0.711617 -0.055332 0.700385 117.158465
0.698435 -0.008517 0.715623 147.349961 -0.031203 0.998616 0.042339 5.698003 -0.714993 -0.051901 0.697202 117.774599
0.697655 -0.011675 0.716339 148.026834 -0.027235 0.998712 0.042801 5.719584 -0.715916 -0.049370 0.696439 118.343655
0.693294 -0.010107 0.720584 148.667815 -0.029134 0.998691 0.042038 5.739105 -0.720066 -0.050138 0.692092 118.970668
0.688807 -0.008916 0.724890 149.308394 -0.030360 0.998692 0.041132 5.769325 -0.724309 -0.050340 0.687636 119.603321
0.682182 -0.010488 0.731107 149.962958 -0.028706 0.998742 0.041112 5.800764 -0.730619 -0.049033 0.681023 120.228746
0.676518 -0.006791 0.736395 150.630929 -0.030627 0.998833 0.037347 5.831161 -0.735789 -0.047819 0.675521 120.828214
0.670490 -0.002933 0.741912 151.302830 -0.027564 0.999203 0.028860 5.883809 -0.741406 -0.039800 0.669876 121.432941
0.665711 -0.000283 0.746210 151.990304 -0.025998 0.999384 0.023572 5.896221 -0.745757 -0.035092 0.665293 122.019233
0.657904 -0.000799 0.753101 152.665955 -0.023529 0.999489 0.021614 5.914228 -0.752734 -0.031940 0.657550 122.644909
0.651891 -0.000721 0.758312 153.361376 -0.029781 0.999204 0.026551 5.929947 -0.757727 -0.039892 0.651351 123.242662
0.647292 0.002882 0.762236 154.086916 -0.039799 0.998757 0.030021 5.960319 -0.761202 -0.049769 0.646602 123.829119
0.639950 0.001411 0.768415 154.809740 -0.044403 0.998395 0.035147 5.968572 -0.767133 -0.056612 0.638985 124.417198
0.631994 0.005953 0.774950 155.531793 -0.048916 0.998283 0.032223 6.002916 -0.773428 -0.058273 0.631200 125.012545
0.623673 0.003403 0.781678 156.263196 -0.044369 0.998532 0.031053 6.043699 -0.780425 -0.054049 0.622908 125.606678
0.617170 -0.001046 0.786829 157.027060 -0.039391 0.998704 0.032225 6.053217 -0.785843 -0.050882 0.616329 126.184582
0.610226 -0.003739 0.792218 157.758178 -0.029631 0.999181 0.027540 6.062945 -0.791673 -0.040280 0.609616 126.738938
0.601628 -0.008045 0.798736 158.482139 -0.024337 0.999300 0.028397 6.089333 -0.798405 -0.036524 0.601012 127.320387
0.595016 -0.011907 0.803626 159.276440 -0.024778 0.999143 0.033150 6.102596 -0.803332 -0.039637 0.594211 127.878973
0.587293 -0.016459 0.809207 160.029120 -0.024271 0.998985 0.037933 6.146961 -0.809011 -0.041918 0.586297 128.424968
0.580595 -0.015276 0.814049 160.793344 -0.025702 0.998982 0.037077 6.182385 -0.813787 -0.042450 0.579611 128.937910
0.573544 -0.013632 0.819061 161.551738 -0.026868 0.999011 0.035441 6.195412 -0.818734 -0.042334 0.572611 129.469585
0.568748 -0.018080 0.822313 162.331592 -0.023628 0.998987 0.038306 6.243070 -0.822173 -0.041217 0.567744 129.970403
0.561844 -0.022594 0.826935 163.063137 -0.024221 0.998749 0.043746 6.289836 -0.826889 -0.044608 0.560594 130.521279
0.558590 -0.024678 0.829077 163.838134 -0.025874 0.998552 0.047155 6.305372 -0.829041 -0.047792 0.557142 130.987106
0.553915 -0.023823 0.832232 164.568508 -0.028212 0.998479 0.047359 6.329929 -0.832095 -0.049712 0.552401 131.507049
0.550878 -0.024164 0.834236 165.316848 -0.025747 0.998613 0.045927 6.360856 -0.834188 -0.046780 0.549492 131.969543
0.547689 -0.024818 0.836314 166.065841 -0.022142 0.998780 0.044139 6.389424 -0.836389 -0.042692 0.546471 132.457727
0.543468 -0.023035 0.839114 166.763892 -0.018214 0.999065 0.039222 6.414854 -0.839232 -0.036599 0.542540 132.941779
0.539889 -0.022555 0.841434 167.475771 -0.017373 0.999129 0.037930 6.449825 -0.841557 -0.035096 0.539027 133.394971
0.537282 -0.024391 0.843050 168.188009 -0.021283 0.998871 0.042463 6.483818 -0.843134 -0.040757 0.536156 133.858000
0.536554 -0.029543 0.843349 168.906004 -0.024596 0.998415 0.050623 6.526164 -0.843508 -0.047904 0.534977 134.301872
0.534974 -0.035950 0.844103 169.626082 -0.024495 0.998014 0.058030 6.546018 -0.844513 -0.051721 0.533032 134.718221
0.532102 -0.043002 0.845587 170.311774 -0.019370 0.997830 0.062933 6.590984 -0.846458 -0.049866 0.530115 135.163677
0.529598 -0.045558 0.847024 170.984634 -0.015267 0.997883 0.063217 6.635566 -0.848111 -0.046411 0.527781 135.609504
0.528701 -0.041825 0.847777 171.671924 -0.011653 0.998333 0.056520 6.661641 -0.848728 -0.039761 0.527332 136.008512
0.526138 -0.039517 0.849480 172.337231 -0.005024 0.998758 0.049573 6.690867 -0.850384 -0.030350 0.525286 136.427863
0.523395 -0.044672 0.850918 173.012198 0.002966 0.998714 0.050607 6.757722 -0.852085 -0.023964 0.522855 136.844342
0.520561 -0.043537 0.852714 173.663153 -0.004580 0.998542 0.053778 6.782446 -0.853812 -0.031900 0.519603 137.244890
0.519805 -0.035457 0.853549 174.343209 -0.020439 0.998336 0.053918 6.813599 -0.854040 -0.045472 0.518216 137.632844
0.516821 -0.028051 0.855634 174.986445 -0.032793 0.998081 0.052529 6.828255 -0.855465 -0.055207 0.514909 138.052858
0.514111 -0.027510 0.857282 175.637362 -0.029923 0.998302 0.049980 6.875069 -0.857201 -0.051347 0.512415 138.424144
0.510045 -0.029410 0.859645 176.265634 -0.024697 0.998503 0.048813 6.914276 -0.859793 -0.046128 0.508555 138.812757
0.507452 -0.029757 0.861166 176.899132 -0.022265 0.998617 0.047627 6.932421 -0.861393 -0.043342 0.506087 139.184552
0.505614 -0.029494 0.862255 177.542934 -0.023070 0.998596 0.047685 6.967186 -0.862451 -0.044002 0.504224 139.517940
0.502844 -0.029413 0.863877 178.162528 -0.023831 0.998569 0.047870 7.004821 -0.864049 -0.044658 0.501424 139.874921
0.501073 -0.028127 0.864948 178.768947 -0.026644 0.998496 0.047905 7.002731 -0.864995 -0.047050 0.499570 140.228218
0.498167 -0.029161 0.866591 179.378833 -0.025880 0.998489 0.048477 7.010406 -0.866695 -0.046577 0.496659 140.575594
0.490616 -0.028877 0.870897 179.951238 -0.025618 0.998541 0.047541 7.016267 -0.870999 -0.045635 0.489160 140.955240
0.485318 -0.028446 0.873875 180.535509 -0.024893 0.998616 0.046331 7.032805 -0.873984 -0.044238 0.483938 141.292598
0.479764 -0.028824 0.876924 181.110323 -0.023985 0.998656 0.045948 7.044410 -0.877070 -0.043077 0.478428 141.632535
0.476244 -0.030371 0.878788 181.708046 -0.020571 0.998745 0.045665 7.063223 -0.879072 -0.039825 0.475022 141.911181
0.470379 -0.030286 0.881945 182.291488 -0.017247 0.998905 0.043501 7.079390 -0.882296 -0.035673 0.469341 142.215420
0.464500 -0.032451 0.884979 182.874358 -0.014027 0.998933 0.043993 7.074939 -0.885462 -0.032848 0.463549 142.517070
0.457698 -0.030624 0.888580 183.460458 -0.014334 0.999023 0.041813 7.079961 -0.888992 -0.031875 0.456812 142.834733
0.451823 -0.024510 0.891771 184.070086 -0.016833 0.999210 0.035992 7.110828 -0.891949 -0.031273 0.451053 143.106729
0.446676 -0.020949 0.894451 184.686615 -0.018750 0.999287 0.032768 7.130700 -0.894499 -0.031408 0.445965 143.387109
0.441642 -0.020338 0.896961 185.303286 -0.016765 0.999381 0.030915 7.157445 -0.897035 -0.028691 0.441028 143.678755
0.432694 -0.018202 0.901357 185.897667 -0.013993 0.999540 0.026902 7.211183 -0.901432 -0.024253 0.432240 144.023339
0.424602 -0.013517 0.905279 186.523067 -0.013262 0.999688 0.021146 7.209077 -0.905283 -0.020985 0.424290 144.320176
0.418037 -0.011577 0.908356 187.160075 -0.011965 0.999762 0.018248 7.209327 -0.908351 -0.018497 0.417799 144.608016
0.410238 -0.009470 0.911929 187.805556 -0.010563 0.999830 0.015135 7.220542 -0.911917 -0.015841 0.410068 144.893274
0.406138 -0.008593 0.913771 188.471581 -0.008557 0.999876 0.013206 7.221336 -0.913772 -0.013183 0.406014 145.159247
0.399514 -0.006424 0.916705 189.135867 -0.006405 0.999931 0.009798 7.253264 -0.916705 -0.009786 0.399445 145.460032
0.395242 -0.008763 0.918535 189.836151 -0.004091 0.999928 0.011300 7.251127 -0.918568 -0.008224 0.395177 145.680297
0.387145 -0.009852 0.921966 190.525593 -0.004355 0.999912 0.012514 7.246976 -0.922009 -0.008860 0.387068 145.972124
0.376270 -0.011246 0.926442 191.219844 -0.006493 0.999870 0.014774 7.250308 -0.926487 -0.011574 0.376148 146.281812
0.368283 -0.008343 0.929676 191.916499 -0.009665 0.999871 0.012802 7.281229 -0.929663 -0.013700 0.368155 146.612291
0.361635 -0.009396 0.932272 192.649820 -0.012452 0.999811 0.014907 7.295605 -0.932237 -0.017000 0.361450 146.893021
0.356559 -0.014297 0.934163 193.418715 -0.014066 0.999687 0.020669 7.291835 -0.934167 -0.020510 0.356247 147.156713
0.347868 -0.014079 0.937438 194.157002 -0.021841 0.999494 0.023116 7.295953 -0.937289 -0.028516 0.347385 147.469006
0.341134 -0.014633 0.939901 194.918719 -0.026378 0.999336 0.025132 7.313196 -0.939645 -0.033366 0.340521 147.775001
0.335379 -0.018458 0.941903 195.705424 -0.024037 0.999315 0.028142 7.319204 -0.941777 -0.032078 0.334705 148.045897
0.333234 -0.025389 0.942502 196.503901 -0.012869 0.999422 0.031473 7.328982 -0.942756 -0.022617 0.332714 148.279277
0.329403 -0.030776 0.943688 197.285412 0.001280 0.999482 0.032149 7.343768 -0.944189 -0.009382 0.329272 148.531792
0.325990 -0.033852 0.944767 198.089243 0.012158 0.999426 0.031615 7.387244 -0.945295 0.001180 0.326214 148.803040
0.322620 -0.041687 0.945610 198.924601 0.011527 0.999129 0.040114 7.410530 -0.946458 -0.002042 0.322819 149.057888
0.315665 -0.046219 0.947744 199.762520 0.007419 0.998903 0.046243 7.448803 -0.948842 -0.007566 0.315661 149.363186
0.309715 -0.052955 0.949354 200.633306 0.003515 0.998505 0.054550 7.457801 -0.950823 -0.013558 0.309438 149.636108
0.305964 -0.047846 0.950840 201.475330 0.007569 0.998827 0.047825 7.498366 -0.952013 -0.007436 0.305968 149.894609
0.300359 -0.041855 0.952907 202.304266 0.013526 0.999123 0.039622 7.536931 -0.953730 0.000989 0.300662 150.177599
0.298685 -0.039186 0.953547 203.193037 0.013924 0.999229 0.036702 7.564032 -0.954250 0.002315 0.299001 150.432533
0.294269 -0.035968 0.955046 204.047550 0.007002 0.999346 0.035478 7.584236 -0.955697 -0.003753 0.294328 150.700684
0.288676 -0.032854 0.956863 204.922933 0.002439 0.999433 0.033580 7.600119 -0.957424 -0.007360 0.288592 150.977199
0.282652 -0.031783 0.958696 205.799808 0.003105 0.999476 0.032219 7.620301 -0.959217 -0.006130 0.282603 151.247215
0.278653 -0.031708 0.959868 206.691259 0.007077 0.999495 0.030963 7.644783 -0.960366 -0.001835 0.278737 151.486710
0.273516 -0.031753 0.961343 207.585534 0.009588 0.999495 0.030285 7.686114 -0.961820 0.000934 0.273682 151.744976
0.266588 -0.034763 0.963183 208.482082 0.009971 0.999395 0.033310 7.697093 -0.963759 0.000724 0.266773 152.026960
0.264405 -0.035423 0.963761 209.400756 0.010461 0.999372 0.033862 7.734472 -0.964355 0.001129 0.264610 152.255838
0.261054 -0.036114 0.964648 210.319729 0.011547 0.999345 0.034288 7.771588 -0.965255 0.002188 0.261300 152.504154
0.258093 -0.037520 0.965391 211.246298 0.011304 0.999294 0.035816 7.793592 -0.966054 0.001669 0.258335 152.724723
0.254804 -0.036226 0.966314 212.172203 0.008540 0.999343 0.035212 7.805295 -0.966955 -0.000720 0.254946 152.978614
0.252035 -0.036266 0.967038 213.099409 0.006028 0.999337 0.035906 7.823900 -0.967699 -0.003221 0.252086 153.234750
0.250194 -0.034770 0.967571 214.030415 0.004463 0.999386 0.034760 7.847213 -0.968185 -0.004379 0.250196 153.470284
0.249290 -0.031010 0.967932 214.959653 0.005412 0.999516 0.030628 7.868398 -0.968414 -0.002397 0.249337 153.699071
0.249160 -0.028665 0.968038 215.887093 0.005852 0.999588 0.028093 7.895780 -0.968445 -0.001335 0.249225 153.931278
0.248436 -0.029982 0.968184 216.820100 0.006814 0.999550 0.029205 7.905963 -0.968624 -0.000659 0.248528 154.141840
0.247141 -0.030084 0.968512 217.750565 0.006692 0.999547 0.029341 7.924800 -0.968956 -0.000770 0.247231 154.393434
0.246950 -0.031744 0.968508 218.681259 0.001639 0.999476 0.032341 7.943629 -0.969027 -0.006400 0.246872 154.605777
0.246771 -0.034938 0.968444 219.613912 0.001084 0.999359 0.035777 7.952545 -0.969073 -0.007779 0.246650 154.806994
0.245427 -0.034963 0.968784 220.546045 0.002435 0.999368 0.035450 7.969704 -0.969412 -0.006342 0.245357 155.029957
0.242414 -0.034325 0.969566 221.478925 0.010327 0.999409 0.032800 7.997688 -0.970118 0.002061 0.242625 155.261378
0.240433 -0.036607 0.969975 222.383098 0.012401 0.999323 0.034640 8.012545 -0.970586 0.003700 0.240725 155.486809
0.235872 -0.032776 0.971231 223.285911 0.012394 0.999451 0.030718 8.019344 -0.971705 0.004792 0.236149 155.762236
0.231536 -0.029397 0.972382 224.226069 0.006846 0.999568 0.028588 8.042967 -0.972802 0.000038 0.231637 156.015897
0.227797 -0.027603 0.973317 225.119573 0.001464 0.999607 0.028006 8.063894 -0.973708 -0.004955 0.227748 156.234055
0.223926 -0.028448 0.974191 226.056640 -0.002611 0.999553 0.029789 8.067270 -0.974603 -0.009214 0.223751 156.450284
0.219307 -0.025557 0.975321 226.955809 -0.003459 0.999630 0.026972 8.075713 -0.975650 -0.009289 0.219138 156.670831
0.215575 -0.024310 0.976185 227.870193 -0.001663 0.999679 0.025262 8.106268 -0.976486 -0.007069 0.215465 156.871761
0.213546 -0.026981 0.976560 228.795756 -0.001262 0.999610 0.027893 8.113612 -0.976932 -0.007188 0.213429 157.041733
0.210950 -0.025724 0.977158 229.717514 -0.002125 0.999639 0.026775 8.129613 -0.977495 -0.007724 0.210819 157.237248
0.207786 -0.025492 0.977842 230.648888 -0.003342 0.999636 0.026770 8.146577 -0.978169 -0.008831 0.207625 157.429746
0.205035 -0.025306 0.978427 231.577555 -0.004766 0.999628 0.026853 8.163484 -0.978743 -0.010169 0.204838 157.609152
0.201521 -0.022584 0.979224 232.492947 -0.004826 0.999699 0.024049 8.162302 -0.979472 -0.009573 0.201351 157.796967
0.199377 -0.020489 0.979709 233.416267 -0.005405 0.999743 0.022008 8.158969 -0.979908 -0.009683 0.199215 157.961675
0.196941 -0.017880 0.980252 234.346648 -0.006640 0.999786 0.019570 8.169896 -0.980393 -0.010363 0.196780 158.136223
0.192903 -0.015442 0.981096 235.255050 -0.006043 0.999839 0.016925 8.170624 -0.981199 -0.009193 0.192778 158.329618
0.188986 -0.010261 0.981926 236.163950 -0.002685 0.999936 0.010966 8.203023 -0.981976 -0.004709 0.188947 158.515317
0.185762 -0.007416 0.982567 237.071201 0.001242 0.999972 0.007312 8.199143 -0.982594 -0.000138 0.185766 158.683480
0.182948 -0.007257 0.983096 237.985333 0.001990 0.999973 0.007011 8.174449 -0.983121 0.000673 0.182957 158.852746
0.180245 -0.006567 0.983600 238.901487 -0.000894 0.999976 0.006841 8.165195 -0.983621 -0.002113 0.180235 159.017618
0.177369 -0.008013 0.984112 239.810412 -0.004499 0.999950 0.008952 8.141601 -0.984134 -0.006015 0.177324 159.216965
0.173737 -0.009956 0.984742 240.722731 -0.007786 0.999904 0.011483 8.125494 -0.984761 -0.009662 0.173643 159.379637
0.170187 -0.012784 0.985329 241.628217 -0.008297 0.999862 0.014406 8.113445 -0.985377 -0.010627 0.170057 159.537640
0.166490 -0.013078 0.985956 242.535891 -0.007511 0.999866 0.014531 8.121409 -0.986015 -0.009825 0.166369 159.684710
0.163669 -0.012377 0.986438 243.435264 -0.006189 0.999889 0.013573 8.117711 -0.986496 -0.008327 0.163574 159.828981
0.161093 -0.013956 0.986841 244.332232 -0.003814 0.999884 0.014763 8.106547 -0.986932 -0.006142 0.161021 159.952199
0.154697 -0.024025 0.987670 245.234534 -0.006210 0.999661 0.025289 8.111217 -0.987942 -0.010045 0.154495 160.098751
0.152489 -0.023414 0.988028 246.138051 -0.012795 0.999589 0.025663 8.122110 -0.988222 -0.016555 0.152127 160.211380
0.147390 -0.025178 0.988758 247.035827 -0.012419 0.999550 0.027304 8.118350 -0.989001 -0.016303 0.147011 160.329443
0.144423 -0.028710 0.989099 247.924334 0.001301 0.999584 0.028824 8.130769 -0.989515 -0.002876 0.144400 160.421237
0.138856 -0.030419 0.989845 248.799846 0.012444 0.999503 0.028970 8.132700 -0.990234 0.008295 0.139165 160.566770
0.135127 -0.027575 0.990444 249.694371 0.015555 0.999549 0.025707 8.156251 -0.990706 0.011932 0.135495 160.663020
0.129076 -0.023506 0.991356 250.583800 0.008247 0.999710 0.022630 8.139657 -0.991600 0.005254 0.129233 160.821143
0.123181 -0.020765 0.992167 251.472712 0.000175 0.999781 0.020903 8.139047 -0.992384 -0.002401 0.123157 160.968258
0.119372 -0.020705 0.992634 252.363790 -0.005531 0.999753 0.021519 8.126560 -0.992834 -0.008059 0.119228 161.064133
0.114207 -0.015926 0.993329 253.245976 -0.006527 0.999838 0.016781 8.130173 -0.993436 -0.008400 0.114084 161.153831
0.108279 -0.009368 0.994076 254.128781 -0.010646 0.999887 0.010582 8.126496 -0.994064 -0.011729 0.108167 161.232973
0.099346 -0.004409 0.995043 255.006736 -0.016943 0.999838 0.006122 8.113198 -0.994909 -0.017467 0.099255 161.355423
0.094279 -0.004743 0.995534 255.887572 -0.019756 0.999783 0.006634 8.117603 -0.995350 -0.020293 0.094165 161.406865
0.088102 -0.007684 0.996082 256.759988 -0.017238 0.999809 0.009237 8.123961 -0.995962 -0.017984 0.087953 161.471055
0.081885 -0.011071 0.996580 257.631050 -0.012568 0.999847 0.012140 8.122365 -0.996563 -0.013519 0.081733 161.526049
0.076794 -0.012157 0.996973 258.500798 -0.009333 0.999873 0.012912 8.141591 -0.997003 -0.010296 0.076671 161.550878
0.069793 -0.010885 0.997502 259.373965 -0.010866 0.999873 0.011671 8.159517 -0.997502 -0.011653 0.069666 161.611857
0.064279 -0.011070 0.997871 260.247034 -0.013638 0.999835 0.011970 8.152387 -0.997839 -0.014379 0.064117 161.682824
0.059493 -0.015393 0.998110 261.118666 -0.014687 0.999759 0.016294 8.151970 -0.998121 -0.015628 0.059252 161.700488
0.056053 -0.016437 0.998293 261.986898 -0.011254 0.999791 0.017093 8.168058 -0.998364 -0.012193 0.055856 161.679254
0.050902 -0.014831 0.998594 262.846924 -0.008504 0.999847 0.015283 8.171731 -0.998667 -0.009270 0.050768 161.746533
0.048259 -0.017018 0.998690 263.713402 -0.007184 0.999823 0.017384 8.171817 -0.998809 -0.008014 0.048128 161.776116
0.044681 -0.020003 0.998801 264.579117 -0.009188 0.999749 0.020433 8.177686 -0.998959 -0.010090 0.044486 161.843202
0.043831 -0.021143 0.998815 265.447197 -0.011682 0.999697 0.021675 8.183928 -0.998971 -0.012618 0.043571 161.859121
0.042218 -0.023364 0.998835 266.311487 -0.013327 0.999624 0.023946 8.190275 -0.999020 -0.014323 0.041891 161.872456
0.039156 -0.027512 0.998854 267.174718 -0.015400 0.999486 0.028133 8.171095 -0.999114 -0.016484 0.038712 161.928448
0.037839 -0.033702 0.998715 268.033505 -0.015012 0.999299 0.034291 8.153854 -0.999171 -0.016290 0.037307 161.973740
0.037568 -0.037737 0.998581 268.890347 -0.014011 0.999169 0.038286 8.155267 -0.999196 -0.015430 0.037008 161.999277
0.036293 -0.039211 0.998572 269.742724 -0.011378 0.999149 0.039647 8.191547 -0.999276 -0.012801 0.035816 162.037673
0.039010 -0.042336 0.998342 270.590890 -0.010991 0.999023 0.042794 8.200392 -0.999178 -0.012642 0.038507 162.019032
0.039327 -0.043467 0.998281 271.441870 -0.010932 0.998975 0.043928 8.229043 -0.999167 -0.012641 0.038811 162.065008
0.040418 -0.048092 0.998025 272.248407 -0.012305 0.998741 0.048625 8.232690 -0.999107 -0.014246 0.039775 162.111514
0.040211 -0.046722 0.998098 273.064519 -0.013357 0.998792 0.047292 8.272373 -0.999102 -0.015233 0.039539 162.175464
0.042697 -0.047185 0.997973 273.871885 -0.015865 0.998726 0.047899 8.298586 -0.998962 -0.017879 0.041894 162.225946
0.047280 -0.048737 0.997692 274.677616 -0.017445 0.998616 0.049608 8.354005 -0.998729 -0.019750 0.046364 162.238207
0.050604 -0.049401 0.997496 275.462233 -0.021229 0.998497 0.050527 8.382198 -0.998493 -0.023733 0.049480 162.284650
0.053050 -0.045208 0.997568 276.238028 -0.024127 0.998625 0.046539 8.409822 -0.998300 -0.026537 0.051886 162.349045
0.056463 -0.040426 0.997586 277.000960 -0.024025 0.998836 0.041837 8.439857 -0.998116 -0.026329 0.055426 162.411266
0.059767 -0.038558 0.997467 277.751899 -0.023536 0.998921 0.040025 8.455933 -0.997935 -0.025869 0.058795 162.491581
0.064059 -0.040687 0.997116 278.496195 -0.024412 0.998806 0.042325 8.471021 -0.997647 -0.027053 0.062990 162.531640
0.066969 -0.042045 0.996869 279.237968 -0.027164 0.998665 0.043946 8.478902 -0.997385 -0.030022 0.065737 162.575381
0.068610 -0.037953 0.996921 279.952060 -0.030809 0.998719 0.040142 8.501180 -0.997168 -0.033469 0.067352 162.677970
0.072350 -0.035285 0.996755 280.666411 -0.033876 0.998710 0.037813 8.501945 -0.996804 -0.036502 0.071062 162.742689
0.075800 -0.038325 0.996386 281.353256 -0.032897 0.998621 0.040914 8.499432 -0.996580 -0.035879 0.074435 162.807240
0.080230 -0.039404 0.995997 282.027232 -0.032728 0.998575 0.042143 8.499303 -0.996239 -0.035978 0.078826 162.876897
0.082866 -0.038985 0.995798 282.690901 -0.030279 0.998675 0.041617 8.515106 -0.996101 -0.033600 0.081576 162.943180
0.088373 -0.037809 0.995370 283.344631 -0.027079 0.998819 0.040344 8.539947 -0.995719 -0.030519 0.087245 162.992447
0.090477 -0.034810 0.995290 283.983374 -0.025631 0.998977 0.037269 8.580351 -0.995569 -0.028882 0.089492 163.057257
0.094439 -0.033957 0.994951 284.608701 -0.024624 0.999033 0.036433 8.597020 -0.995226 -0.027941 0.093511 163.136762
0.099272 -0.033677 0.994490 285.227884 -0.024940 0.999029 0.036320 8.592122 -0.994748 -0.028408 0.098336 163.161123
0.102307 -0.036213 0.994094 285.828368 -0.026316 0.998889 0.039096 8.573520 -0.994405 -0.030160 0.101240 163.238251
0.103513 -0.034290 0.994037 286.425180 -0.024639 0.999010 0.037028 8.597929 -0.994323 -0.028325 0.102565 163.326173
0.105024 -0.032068 0.993953 286.985938 -0.020775 0.999191 0.034433 8.618493 -0.994253 -0.024266 0.104273 163.416395
0.108594 -0.030644 0.993614 287.562549 -0.021038 0.999230 0.033116 8.628913 -0.993864 -0.024500 0.107866 163.473350
0.110522 -0.027856 0.993483 288.118537 -0.022341 0.999285 0.030504 8.636110 -0.993623 -0.025567 0.109820 163.572115
0.114114 -0.026381 0.993117 288.666499 -0.022588 0.999320 0.029141 8.648915 -0.993211 -0.025758 0.113441 163.654427
0.118861 -0.026937 0.992545 289.206310 -0.021859 0.999319 0.029738 8.662719 -0.992670 -0.025231 0.118191 163.704608
0.123691 -0.025525 0.991992 289.736750 -0.021458 0.999367 0.028391 8.661816 -0.992089 -0.024798 0.123065 163.756349
0.126652 -0.026638 0.991590 290.256942 -0.020512 0.999355 0.029467 8.664697 -0.991735 -0.024072 0.126024 163.823149
0.129914 -0.026812 0.991163 290.767646 -0.017750 0.999411 0.029362 8.692443 -0.991366 -0.021407 0.129362 163.878611
0.132240 -0.026800 0.990855 291.266988 -0.016689 0.999433 0.029259 8.699292 -0.991077 -0.020406 0.131718 163.941316
0.136366 -0.026880 0.990294 291.762309 -0.014312 0.999474 0.029100 8.731036 -0.990555 -0.018142 0.135910 163.985158
0.139146 -0.028088 0.989873 292.247419 -0.012459 0.999469 0.030112 8.736119 -0.990193 -0.016523 0.138722 164.045644
0.141869 -0.028059 0.989488 292.734959 -0.010839 0.999494 0.029897 8.748037 -0.989826 -0.014966 0.141493 164.109679
0.141121 -0.028861 0.989572 293.211997 -0.009576 0.999488 0.030516 8.773777 -0.989946 -0.013782 0.140772 164.217909
0.143316 -0.029027 0.989251 293.708688 -0.009575 0.999482 0.030715 8.773271 -0.989631 -0.013874 0.142964 164.241782
0.141644 -0.027693 0.989530 294.205211 -0.011062 0.999502 0.029555 8.782865 -0.989856 -0.015133 0.141267 164.315361
0.138741 -0.025887 0.989990 294.698762 -0.012756 0.999529 0.027924 8.803572 -0.990247 -0.016503 0.138345 164.427595
0.135756 -0.027335 0.990365 295.203449 -0.012298 0.999496 0.029272 8.809386 -0.990666 -0.016153 0.135351 164.513240
0.133232 -0.029136 0.990656 295.714796 -0.008669 0.999495 0.030561 8.813463 -0.991047 -0.012660 0.132912 164.576891
0.132147 -0.035322 0.990601 296.235015 -0.004747 0.999331 0.036266 8.795437 -0.991219 -0.009494 0.131891 164.641562
0.130402 -0.038414 0.990717 296.762704 0.001770 0.999257 0.038513 8.825983 -0.991460 -0.003269 0.130373 164.697230
0.126959 -0.037758 0.991189 297.301306 0.003928 0.999287 0.037563 8.834676 -0.991900 -0.000875 0.127017 164.794869
0.125730 -0.038228 0.991328 297.857462 0.004070 0.999269 0.038018 8.852532 -0.992056 -0.000745 0.125793 164.848766
0.123865 -0.042693 0.991380 298.424577 0.001658 0.999082 0.042818 8.875422 -0.992298 -0.003660 0.123822 164.913379
0.120428 -0.050000 0.991462 299.003698 -0.000493 0.998728 0.050426 8.906778 -0.992722 -0.006562 0.120251 164.989507
0.118250 -0.050858 0.991681 299.589794 -0.000945 0.998681 0.051330 8.940834 -0.992983 -0.007006 0.118046 165.051103
0.115263 -0.047566 0.992195 300.180406 0.001222 0.998859 0.047744 8.958881 -0.993334 -0.004291 0.115190 165.129780
0.114052 -0.045135 0.992449 300.782250 0.002825 0.998978 0.045107 8.985406 -0.993471 -0.002341 0.114063 165.194270
0.112957 -0.050683 0.992306 301.402154 0.002984 0.998711 0.050670 9.033240 -0.993595 -0.002762 0.112962 165.251528
0.111463 -0.053965 0.992302 302.031924 0.001118 0.998531 0.054178 9.060273 -0.993768 -0.004929 0.111359 165.313092
0.110339 -0.056006 0.992315 302.675882 0.002824 0.998425 0.056037 9.097815 -0.993890 -0.003380 0.110324 165.365926
0.108591 -0.050795 0.992788 303.327464 0.003727 0.998707 0.050690 9.134743 -0.994079 -0.001805 0.108640 165.440633
0.105584 -0.049430 0.993181 303.990585 0.005112 0.998778 0.049166 9.155276 -0.994397 -0.000114 0.105708 165.510822
0.105423 -0.049289 0.993205 304.662254 0.007648 0.998782 0.048754 9.182537 -0.994398 0.002456 0.105672 165.572517
0.102682 -0.051449 0.993383 305.344351 0.009913 0.998665 0.050698 9.219026 -0.994665 0.004642 0.103055 165.651441
0.101130 -0.047720 0.993728 306.044053 0.008213 0.998855 0.047131 9.259525 -0.994839 0.003395 0.101406 165.728153
0.099428 -0.044610 0.994044 306.744094 0.007390 0.999000 0.044093 9.298993 -0.995017 0.002962 0.099659 165.795351
0.097049 -0.043778 0.994316 307.453601 0.009034 0.999030 0.043104 9.334527 -0.995239 0.004800 0.097350 165.873530
0.095124 -0.048199 0.994298 308.172399 0.014582 0.998787 0.047022 9.354006 -0.995359 0.010026 0.095711 165.947835
0.091192 -0.049602 0.994597 308.893233 0.020246 0.998645 0.047947 9.381759 -0.995627 0.015765 0.092073 166.045295
0.087183 -0.048747 0.994999 309.627990 0.022988 0.998635 0.046911 9.403381 -0.995927 0.018783 0.088185 166.139637
0.083257 -0.053570 0.995087 310.377902 0.019800 0.998446 0.052095 9.425951 -0.996331 0.015366 0.084188 166.216463
0.082973 -0.059296 0.994786 311.140356 0.014812 0.998191 0.058263 9.463065 -0.996442 0.009901 0.083701 166.255189
0.081567 -0.064705 0.994565 311.908203 0.013591 0.997870 0.063806 9.516306 -0.996575 0.008312 0.082273 166.304902
0.079308 -0.066056 0.994659 312.680394 0.014945 0.997769 0.065071 9.565538 -0.996738 0.009705 0.080118 166.372083
0.080907 -0.066615 0.994493 313.460503 0.017435 0.997706 0.065412 9.617560 -0.996569 0.012047 0.081883 166.413690
0.079882 -0.067104 0.994543 314.247555 0.018775 0.997656 0.065806 9.675646 -0.996627 0.013416 0.080955 166.486279
0.084544 -0.067073 0.994160 315.044313 0.020283 0.997641 0.065583 9.770989 -0.996213 0.014620 0.085705 166.467410
0.085684 -0.069259 0.993912 315.852536 0.019272 0.997510 0.067848 9.826758 -0.996136 0.013342 0.086806 166.528808
0.086235 -0.070616 0.993769 316.664018 0.018084 0.997431 0.069307 9.865501 -0.996111 0.011994 0.087291 166.602241
0.087186 -0.069683 0.993752 317.489395 0.016679 0.997513 0.068483 9.910337 -0.996052 0.010604 0.088132 166.686077
0.088703 -0.070051 0.993592 318.314620 0.014153 0.997512 0.069064 9.963146 -0.995958 0.007937 0.089474 166.756721
0.090680 -0.071329 0.993322 319.152066 0.013199 0.997430 0.070419 10.024759 -0.995793 0.006725 0.091389 166.836297
0.091042 -0.073028 0.993166 319.995996 0.011982 0.997316 0.072235 10.070925 -0.995775 0.005323 0.091672 166.930321
0.092396 -0.074621 0.992922 320.847965 0.010674 0.997205 0.073950 10.109645 -0.995665 0.003766 0.092934 167.018054
0.096628 -0.075545 0.992449 321.706499 0.011221 0.997135 0.074809 10.165830 -0.995257 0.003907 0.097199 167.082114
0.097221 -0.075911 0.992364 322.567086 0.010471 0.997110 0.075248 10.223326 -0.995208 0.003075 0.097735 167.211253
0.099480 -0.079312 0.991874 323.447276 0.009526 0.996849 0.078754 10.272166 -0.994994 0.001614 0.099922 167.290167
0.101939 -0.079878 0.991578 324.320716 0.008444 0.996805 0.079431 10.349120 -0.994755 0.000276 0.102288 167.410708
0.105443 -0.081424 0.991086 325.208351 0.009634 0.996679 0.080859 10.407625 -0.994379 0.001022 0.105877 167.484875
0.107142 -0.083085 0.990766 326.099415 0.010251 0.996542 0.082460 10.475493 -0.994191 0.001321 0.107623 167.601862
0.108428 -0.081816 0.990732 326.989977 0.011195 0.996645 0.081079 10.540110 -0.994041 0.002300 0.108980 167.733499
0.113635 -0.078125 0.990446 327.890929 0.013142 0.996934 0.077129 10.623473 -0.993436 0.004252 0.114313 167.813123
0.116123 -0.078786 0.990105 328.791401 0.012767 0.996885 0.077828 10.660752 -0.993153 0.003603 0.116767 167.936569
0.120556 -0.076226 0.989776 329.701011 0.013279 0.997082 0.075172 10.736040 -0.992618 0.004081 0.121216 168.023908
0.123641 -0.078166 0.989244 330.612233 0.012206 0.996937 0.077248 10.790292 -0.992252 0.002524 0.124217 168.126521
0.126172 -0.077721 0.988959 331.524102 0.009254 0.996975 0.077171 10.862984 -0.991965 -0.000585 0.126510 168.233353
0.129537 -0.078297 0.988478 332.438300 0.007600 0.996927 0.077971 10.940468 -0.991545 -0.002587 0.129734 168.337088
0.129458 -0.078975 0.988435 333.352111 0.007576 0.996873 0.078657 11.007437 -0.991556 -0.002695 0.129651 168.458673
0.133798 -0.080451 0.987738 334.268204 0.010751 0.996759 0.079729 11.071276 -0.990950 -0.000049 0.134229 168.540786
0.132050 -0.078367 0.988140 335.176328 0.010650 0.996925 0.077640 11.147547 -0.991186 0.000272 0.132478 168.703472
0.134059 -0.075788 0.988071 336.091667 0.007907 0.997121 0.075410 11.202370 -0.990942 -0.002296 0.134272 168.803787
0.135015 -0.074427 0.988044 337.001883 0.005049 0.997214 0.074428 11.259170 -0.990831 -0.005060 0.135014 168.924471
0.138402 -0.070754 0.987846 337.910585 0.005618 0.997485 0.070657 11.316940 -0.990360 -0.004229 0.138451 169.035283
0.137090 -0.070787 0.988026 338.810752 0.006012 0.997484 0.070630 11.364440 -0.990540 -0.003742 0.137171 169.170705
0.137644 -0.070804 0.987948 339.715203 0.006695 0.997485 0.070555 11.416753 -0.990459 -0.003097 0.137772 169.286324
0.138936 -0.068690 0.987916 340.618515 0.007542 0.997636 0.068305 11.467095 -0.990273 -0.002039 0.139126 169.408616
0.139256 -0.068584 0.987879 341.521356 0.007258 0.997643 0.068239 11.519261 -0.990230 -0.002332 0.139425 169.535499
0.140422 -0.066656 0.987845 342.418870 0.007858 0.997775 0.066209 11.580912 -0.990061 -0.001535 0.140633 169.683068
0.140739 -0.065792 0.987858 343.321088 0.006258 0.997829 0.065564 11.642059 -0.990027 -0.003046 0.140845 169.807986
0.142257 -0.063570 0.987786 344.218189 0.007450 0.997976 0.063153 11.695709 -0.989802 -0.001625 0.142443 169.915797
0.140908 -0.064233 0.987937 345.106061 0.010563 0.997934 0.063376 11.755677 -0.989966 0.001506 0.141295 170.065613
0.141376 -0.068588 0.987577 345.998421 0.013455 0.997638 0.067361 11.808038 -0.989865 0.003765 0.141965 170.189677
0.143431 -0.073559 0.986923 346.895163 0.010591 0.997291 0.072792 11.864365 -0.989604 0.000012 0.143821 170.305413
0.145488 -0.072922 0.986669 347.790386 0.007510 0.997333 0.072603 11.933799 -0.989332 -0.003153 0.145647 170.443901
0.146840 -0.077227 0.986141 348.679308 0.010772 0.997013 0.076475 11.998300 -0.989102 -0.000606 0.147234 170.572598
0.150656 -0.081921 0.985186 349.570604 0.018355 0.996621 0.080065 12.073224 -0.988416 0.006021 0.151650 170.682069
0.156099 -0.085431 0.984040 350.462975 0.023227 0.996295 0.082811 12.146116 -0.987468 0.009930 0.157505 170.783684
0.161088 -0.089250 0.982896 351.360094 0.022094 0.995979 0.086817 12.191946 -0.986693 0.007731 0.162412 170.898865
0.165397 -0.089976 0.982114 352.252803 0.020820 0.995926 0.087735 12.253734 -0.986007 0.005937 0.166597 171.029057
0.169341 -0.091674 0.981285 353.146813 0.023741 0.995755 0.088929 12.310670 -0.985272 0.008237 0.170798 171.162638
0.173062 -0.092269 0.980579 354.034116 0.024130 0.995701 0.089433 12.403262 -0.984615 0.008184 0.174544 171.316830
0.176171 -0.089763 0.980258 354.920926 0.021842 0.995945 0.087274 12.491821 -0.984117 0.006035 0.177417 171.501753
0.181627 -0.090085 0.979233 355.815502 0.018073 0.995933 0.088269 12.571429 -0.983201 0.001665 0.182516 171.642306
0.186442 -0.088029 0.978514 356.705271 0.016394 0.996118 0.086489 12.639265 -0.982329 -0.000084 0.187162 171.826449
0.190479 -0.085183 0.977989 357.593100 0.015984 0.996365 0.083670 12.715365 -0.981561 -0.000306 0.191148 172.022373
0.195835 -0.082622 0.977150 358.489506 0.014297 0.996579 0.081400 12.769109 -0.980533 -0.001971 0.196346 172.212207
0.205640 -0.083281 0.975078 359.391516 0.013442 0.996519 0.082278 12.815473 -0.978535 -0.003812 0.206044 172.350607
0.212332 -0.080057 0.973913 360.275219 0.014287 0.996786 0.078823 12.884535 -0.977093 -0.002822 0.212793 172.569228
0.219389 -0.077944 0.972519 361.161844 0.014219 0.996953 0.076695 12.940611 -0.975534 -0.002997 0.219829 172.774795
0.228391 -0.077539 0.970477 362.044453 0.015041 0.996985 0.076117 12.993663 -0.973453 -0.002787 0.228869 172.997714
0.237919 -0.077402 0.968196 362.922220 0.015030 0.996994 0.076011 13.059600 -0.971169 -0.003532 0.238367 173.234528
0.245355 -0.076658 0.966398 363.794316 0.013639 0.997043 0.075626 13.098184 -0.969337 -0.005375 0.245675 173.496903
0.253209 -0.073660 0.964603 364.661700 0.012604 0.997264 0.072846 13.150429 -0.967329 -0.006288 0.253445 173.762747
0.261307 -0.073117 0.962482 365.532074 0.011733 0.997294 0.072576 13.198096 -0.965184 -0.007672 0.261458 174.030028
0.269310 -0.072568 0.960316 366.400986 0.011779 0.997331 0.072062 13.260164 -0.962982 -0.008096 0.269446 174.261814
0.274496 -0.069369 0.959083 367.258815 0.011096 0.997557 0.068976 13.336627 -0.961524 -0.008291 0.274595 174.544658
0.280291 -0.069527 0.957394 368.115873 0.009961 0.997530 0.069525 13.376064 -0.959863 -0.009951 0.280291 174.826308
0.285805 -0.069278 0.955780 368.981792 0.010118 0.997546 0.069280 13.448534 -0.958234 -0.010130 0.285805 175.074602
0.290884 -0.068905 0.954274 369.845034 0.009102 0.997557 0.069256 13.493814 -0.956715 -0.011460 0.290801 175.344585
0.295873 -0.066811 0.952888 370.708267 0.008586 0.997697 0.067287 13.554936 -0.955189 -0.011727 0.295765 175.609247
0.301241 -0.067605 0.951149 371.577842 0.008273 0.997631 0.068289 13.594566 -0.953512 -0.012703 0.301086 175.877606
0.305533 -0.067366 0.949795 372.444483 0.008383 0.997646 0.068063 13.653234 -0.952145 -0.012833 0.305379 176.157512
0.309438 -0.067501 0.948521 373.304485 0.006709 0.997608 0.068806 13.678397 -0.950896 -0.014927 0.309151 176.473147
0.314224 -0.067346 0.946957 374.169446 0.005475 0.997593 0.069131 13.719938 -0.949333 -0.016538 0.313836 176.769648
0.318162 -0.065766 0.945752 375.042670 0.003907 0.997673 0.068062 13.793599 -0.948028 -0.017960 0.317679 177.048574
0.325865 -0.067040 0.943036 375.916031 0.002194 0.997534 0.070156 13.853474 -0.945414 -0.020793 0.325208 177.311724
0.328547 -0.066098 0.942172 376.769102 -0.000333 0.997540 0.070099 13.896866 -0.944488 -0.023344 0.327717 177.625589
0.332463 -0.065617 0.940831 377.606300 -0.002979 0.997499 0.070622 13.940586 -0.943112 -0.026282 0.331436 177.948397
0.335507 -0.065647 0.939748 378.450606 -0.003248 0.997482 0.070839 13.992521 -0.942032 -0.026820 0.334449 178.252840
0.339105 -0.063804 0.938582 379.277349 -0.001092 0.997670 0.068216 14.035180 -0.940748 -0.024157 0.338245 178.580080
0.342947 -0.059194 0.937488 380.100579 0.000832 0.998031 0.062713 14.114184 -0.939354 -0.020727 0.342321 178.893221
0.345090 -0.058343 0.936754 380.925261 0.000603 0.998080 0.061941 14.156685 -0.938569 -0.020810 0.344462 179.218815
0.346750 -0.058563 0.936128 381.746410 -0.004624 0.997930 0.064142 14.158057 -0.937946 -0.026570 0.345761 179.557660
0.349270 -0.055557 0.935374 382.578977 -0.009727 0.997972 0.062907 14.181664 -0.936972 -0.031070 0.348021 179.845470
0.351547 -0.051911 0.934730 383.400483 -0.010929 0.998166 0.059545 14.207790 -0.936107 -0.031148 0.350335 180.147797
0.353486 -0.048821 0.934165 384.209296 -0.007641 0.998453 0.055072 14.248678 -0.935409 -0.026605 0.352566 180.451615
0.354513 -0.049396 0.933745 385.014354 -0.004226 0.998509 0.054426 14.285463 -0.935041 -0.023240 0.353776 180.767139
0.354350 -0.044897 0.934034 385.812185 -0.005528 0.998729 0.050104 14.345064 -0.935096 -0.022918 0.353652 181.097150
0.355228 -0.042980 0.933791 386.618151 -0.011148 0.998677 0.050207 14.368615 -0.934713 -0.028244 0.354279 181.392720
0.355355 -0.039168 0.933910 387.413783 -0.016764 0.998694 0.048263 14.423597 -0.934581 -0.032807 0.354235 181.715137
0.354471 -0.038525 0.934273 388.190875 -0.018841 0.998654 0.048329 14.472009 -0.934877 -0.034734 0.353268 182.041396
0.354939 -0.040648 0.934005 388.976562 -0.018016 0.998571 0.050304 14.500634 -0.934716 -0.034682 0.353700 182.338147
0.353332 -0.039490 0.934664 389.748740 -0.018300 0.998626 0.049111 14.524287 -0.935319 -0.034457 0.352124 182.658956
0.354604 -0.038824 0.934210 390.535636 -0.017972 0.998670 0.048324 14.562730 -0.934844 -0.033925 0.353435 182.938076
0.354482 -0.045471 0.933957 391.332703 -0.016950 0.998340 0.055039 14.609575 -0.934909 -0.035341 0.353123 183.216469
0.355157 -0.048836 0.933530 392.127985 -0.016434 0.998154 0.058469 14.658079 -0.934662 -0.036107 0.353699 183.495375
0.354904 -0.049019 0.933617 392.907852 -0.014955 0.998199 0.058095 14.692784 -0.934783 -0.034580 0.353531 183.794695
0.352893 -0.050872 0.934280 393.677763 -0.009927 0.998261 0.058106 14.714291 -0.935611 -0.029780 0.351774 184.103929
0.352191 -0.049209 0.934633 394.450303 -0.004887 0.998507 0.054414 14.781326 -0.935915 -0.023731 0.351425 184.411926
0.351442 -0.048751 0.934940 395.242469 -0.008450 0.998437 0.055238 14.791548 -0.936172 -0.027313 0.350481 184.718526
0.350852 -0.048407 0.935179 396.044534 -0.012556 0.998330 0.056387 14.815002 -0.936347 -0.031526 0.349658 185.010981
0.350864 -0.047785 0.935206 396.842963 -0.013376 0.998340 0.056029 14.840998 -0.936331 -0.032168 0.349643 185.322580
0.348598 -0.048410 0.936021 397.634665 -0.011984 0.998353 0.056097 14.871320 -0.937196 -0.030772 0.347443 185.659029
0.346577 -0.049221 0.936729 398.453390 -0.008206 0.998425 0.055500 14.916558 -0.937986 -0.026922 0.345627 185.990479
0.347556 -0.049761 0.936338 399.272663 -0.005518 0.998465 0.055111 14.975128 -0.937643 -0.024321 0.346748 186.250978
0.349176 -0.050098 0.935717 400.135118 -0.006419 0.998418 0.055851 15.041668 -0.937035 -0.025509 0.348302 186.566217
0.349467 -0.052801 0.935460 400.942591 -0.009346 0.998165 0.059832 15.069455 -0.936902 -0.029652 0.348332 186.870754
0.349287 -0.053740 0.935473 401.788944 -0.008948 0.998117 0.060680 15.117511 -0.936973 -0.029566 0.348149 187.167177
0.349255 -0.057782 0.935244 402.624492 -0.005604 0.997950 0.063749 15.169862 -0.937011 -0.027506 0.348215 187.502220
0.348180 -0.059657 0.935528 403.454363 -0.002672 0.997906 0.064629 15.252561 -0.937424 -0.025002 0.347291 187.870308
0.349681 -0.060424 0.934918 404.301109 -0.003649 0.997823 0.065855 15.311406 -0.936862 -0.026440 0.348699 188.178776
0.351417 -0.066004 0.933889 405.144390 -0.000436 0.997500 0.070664 15.369678 -0.936219 -0.025240 0.350510 188.508996
0.352914 -0.069138 0.933098 405.996023 0.002106 0.997322 0.073101 15.448262 -0.935653 -0.023833 0.352115 188.808816
0.353127 -0.064764 0.933331 406.839225 -0.001851 0.997551 0.069921 15.521296 -0.935574 -0.026418 0.352142 189.142288
0.350797 -0.062572 0.934359 407.677253 -0.008829 0.997500 0.070116 15.581542 -0.936410 -0.032846 0.349368 189.501988
0.350224 -0.062458 0.934581 408.520502 -0.012464 0.997375 0.071325 15.634593 -0.936583 -0.036629 0.348526 189.832540
0.351281 -0.062922 0.934153 409.375068 -0.011637 0.997369 0.071556 15.675272 -0.936198 -0.036007 0.349625 190.129002
0.350599 -0.063676 0.934358 410.211482 -0.008683 0.997422 0.071232 15.723586 -0.936485 -0.033087 0.349143 190.453376
0.349322 -0.063112 0.934875 411.044688 -0.006890 0.997529 0.069916 15.783062 -0.936978 -0.030864 0.348024 190.794144
0.347755 -0.066712 0.935209 411.890281 -0.007965 0.997219 0.074097 15.812067 -0.937551 -0.033217 0.346257 191.113542
0.348610 -0.067133 0.934861 412.724469 -0.009576 0.997124 0.075175 15.892040 -0.937219 -0.035159 0.346964 191.415215
0.350148 -0.067040 0.934292 413.559281 -0.010477 0.997093 0.075472 15.946221 -0.936636 -0.036215 0.348428 191.711607
0.351522 -0.065858 0.933860 414.381726 -0.011389 0.997148 0.074608 15.986239 -0.936110 -0.036862 0.349770 191.999594
0.352863 -0.067166 0.933261 415.196370 -0.012086 0.997010 0.076324 16.029796 -0.935597 -0.038211 0.350996 192.294039
0.351655 -0.070281 0.933488 415.999392 -0.013305 0.996702 0.080053 16.067715 -0.936035 -0.040571 0.349560 192.587577
0.349362 -0.071783 0.934234 416.798787 -0.016189 0.996450 0.082618 16.114986 -0.936848 -0.043988 0.346960 192.889851
0.347311 -0.074425 0.934792 417.569687 -0.018360 0.996115 0.086129 16.142429 -0.937570 -0.047076 0.344595 193.208281
0.345294 -0.074618 0.935524 418.339278 -0.017827 0.996133 0.086032 16.216881 -0.938325 -0.046384 0.342628 193.500010
0.342594 -0.075147 0.936473 419.092059 -0.015578 0.996204 0.085639 16.275013 -0.939354 -0.043927 0.340123 193.803225
0.340545 -0.073570 0.937345 419.841652 -0.011410 0.996537 0.082361 16.336898 -0.940159 -0.038743 0.338526 194.087629
0.341143 -0.071316 0.937302 420.590724 -0.006747 0.996906 0.078307 16.390617 -0.939987 -0.033038 0.339606 194.339902
0.339135 -0.071750 0.937997 421.329500 -0.001223 0.997053 0.076710 16.467820 -0.940737 -0.027162 0.338048 194.618885
0.339154 -0.075311 0.937711 422.072765 -0.000396 0.996779 0.080198 16.486471 -0.940731 -0.027571 0.338032 194.876713
0.337633 -0.073779 0.938382 422.807507 -0.003667 0.996813 0.079692 16.575884 -0.941271 -0.030347 0.336286 195.138479
0.335554 -0.072954 0.939192 423.539271 -0.008982 0.996704 0.080631 16.624825 -0.941978 -0.035492 0.333793 195.410258
0.333721 -0.074822 0.939698 424.258227 -0.010604 0.996484 0.083109 16.663008 -0.942612 -0.037700 0.331754 195.693651
0.334680 -0.075862 0.939273 424.975960 -0.009788 0.996421 0.083965 16.703365 -0.942281 -0.037295 0.332739 195.947395
0.334860 -0.076815 0.939132 425.694422 -0.007735 0.996414 0.084259 16.759722 -0.942236 -0.035479 0.333065 196.189543
0.333779 -0.076033 0.939580 426.408754 -0.007412 0.996499 0.083272 16.805886 -0.942622 -0.034758 0.332047 196.455704
0.332430 -0.079825 0.939744 427.116905 -0.007154 0.996170 0.087149 16.838085 -0.943101 -0.035694 0.330586 196.731263
0.332371 -0.080088 0.939742 427.822995 -0.005724 0.996199 0.086924 16.890212 -0.943132 -0.034270 0.330649 196.994209
0.331464 -0.081805 0.939915 428.556994 -0.004034 0.996102 0.088118 16.951303 -0.943459 -0.033000 0.329841 197.235970
0.330262 -0.079816 0.940508 429.252253 -0.002725 0.996334 0.085511 17.007906 -0.943885 -0.030804 0.328834 197.503921
0.328415 -0.080232 0.941120 429.950654 -0.002805 0.996299 0.085914 17.067681 -0.944529 -0.030855 0.326974 197.809529
0.327436 -0.079506 0.941522 430.665345 -0.004221 0.996321 0.085601 17.120845 -0.944864 -0.032003 0.325896 198.092566
0.325867 -0.081526 0.941894 431.383542 -0.005226 0.996104 0.088026 17.167701 -0.945401 -0.033607 0.324172 198.373923
0.327977 -0.081567 0.941158 432.111747 -0.005946 0.996067 0.088398 17.234926 -0.944667 -0.034589 0.326203 198.621168
0.328064 -0.082399 0.941055 432.817922 -0.008264 0.995900 0.090082 17.281814 -0.944619 -0.037330 0.326038 198.887802
0.328856 -0.081491 0.940858 433.501353 -0.009462 0.995936 0.089569 17.337886 -0.944333 -0.038358 0.326748 199.163155
0.330601 -0.080782 0.940307 434.206305 -0.009775 0.995983 0.089003 17.395271 -0.943720 -0.038616 0.328484 199.392937
0.332921 -0.077132 0.939795 434.899701 -0.009023 0.996343 0.084969 17.466034 -0.942912 -0.036767 0.331007 199.628929
0.335551 -0.076746 0.938891 435.585499 -0.008325 0.996395 0.084422 17.523177 -0.941985 -0.036144 0.333702 199.812377
0.338436 -0.076628 0.937864 436.250993 -0.008952 0.996371 0.084639 17.576211 -0.940947 -0.037041 0.336522 200.032783
0.339369 -0.074022 0.937736 436.902929 -0.010383 0.996543 0.082422 17.638765 -0.940596 -0.037708 0.337427 200.280360
0.339849 -0.074147 0.937553 437.552247 -0.012396 0.996448 0.083299 17.677866 -0.940398 -0.039931 0.337722 200.522309
0.344363 -0.074715 0.935859 438.194002 -0.012570 0.996372 0.084171 17.726400 -0.938752 -0.040749 0.342175 200.696955
0.347288 -0.076245 0.934654 438.834699 -0.013590 0.996175 0.086314 17.748224 -0.937660 -0.042678 0.344924 200.889331
0.347116 -0.079333 0.934461 439.464768 -0.014270 0.995853 0.089846 17.770072 -0.937714 -0.044522 0.344545 201.127311
0.349284 -0.082257 0.933399 440.052882 -0.014100 0.995565 0.093012 17.805411 -0.936911 -0.045649 0.346575 201.331054
0.350843 -0.084478 0.932616 440.653038 -0.014456 0.995315 0.095595 17.858479 -0.936323 -0.047021 0.347978 201.529858
0.351232 -0.086163 0.932316 441.247629 -0.014196 0.995152 0.097318 17.897056 -0.936181 -0.047417 0.348306 201.759857
0.352540 -0.086186 0.931820 441.803261 -0.014159 0.995145 0.097400 17.929285 -0.935690 -0.047531 0.349608 201.971296
0.352757 -0.085010 0.931845 442.376995 -0.014238 0.995262 0.096186 17.987975 -0.935607 -0.047197 0.349876 202.186721
0.350806 -0.085578 0.932530 442.877490 -0.015439 0.995152 0.097133 18.008840 -0.936321 -0.048472 0.347783 202.454285
0.349596 -0.086028 0.932943 443.398477 -0.015334 0.995117 0.097507 18.041205 -0.936775 -0.048394 0.346569 202.701832
0.350589 -0.084305 0.932727 443.922403 -0.017807 0.995160 0.096641 18.078191 -0.936360 -0.050491 0.347390 202.908918
0.351150 -0.081555 0.932761 444.437676 -0.019749 0.995333 0.094461 18.134178 -0.936111 -0.051591 0.347900 203.108880
0.351687 -0.081964 0.932523 444.942711 -0.021225 0.995205 0.095478 18.161695 -0.935877 -0.053371 0.348261 203.315078
0.351402 -0.080412 0.932765 445.427429 -0.021125 0.995370 0.093768 18.216232 -0.935986 -0.052655 0.348076 203.528723
0.349826 -0.081180 0.933291 445.907074 -0.019437 0.995395 0.093868 18.249410 -0.936613 -0.050978 0.346637 203.737039
0.350888 -0.079250 0.933058 446.378342 -0.017421 0.995687 0.091121 18.294039 -0.936255 -0.048228 0.347994 203.902960
0.352956 -0.079401 0.932265 446.844753 -0.016527 0.995708 0.091062 18.308504 -0.935494 -0.047548 0.350129 204.072605
0.353820 -0.079619 0.931918 447.304014 -0.015111 0.995754 0.090809 18.352028 -0.935191 -0.046212 0.351115 204.240349
0.354348 -0.082150 0.931498 447.742942 -0.013669 0.995572 0.093000 18.381594 -0.935014 -0.045687 0.351656 204.410206
0.354497 -0.084541 0.931227 448.166605 -0.013828 0.995322 0.095623 18.404738 -0.934955 -0.046775 0.351670 204.598982
0.351762 -0.085276 0.932197 448.584363 -0.015405 0.995180 0.096851 18.429676 -0.935963 -0.048429 0.348752 204.769090
0.348410 -0.081731 0.933772 448.980078 -0.017593 0.995446 0.093694 18.477806 -0.937177 -0.049072 0.345386 204.957472
0.344640 -0.080467 0.935280 449.358851 -0.018057 0.995567 0.092308 18.529503 -0.938561 -0.048701 0.341659 205.161935
0.343881 -0.079878 0.935610 449.740856 -0.018880 0.995586 0.091938 18.569580 -0.938823 -0.049281 0.340855 205.286942
0.338754 -0.079697 0.937493 450.079441 -0.020069 0.995567 0.091886 18.587656 -0.940661 -0.049942 0.335653 205.494489
0.337125 -0.080449 0.938016 450.442130 -0.020925 0.995456 0.092896 18.610858 -0.941227 -0.050945 0.333910 205.624952
0.338094 -0.080477 0.937665 450.794265 -0.020655 0.995463 0.092885 18.646588 -0.940886 -0.050771 0.334897 205.730750
0.338593 -0.081285 0.937415 451.145574 -0.020401 0.995393 0.093681 18.695470 -0.940712 -0.050844 0.335375 205.834447
0.338186 -0.080584 0.937623 451.479057 -0.020845 0.995441 0.093071 18.727130 -0.940848 -0.051020 0.334965 205.942309
0.337327 -0.081148 0.937883 451.793482 -0.021692 0.995343 0.093921 18.741128 -0.941137 -0.052027 0.333996 206.070884
0.336593 -0.080862 0.938172 452.101583 -0.021821 0.995369 0.093621 18.779849 -0.941397 -0.051984 0.333270 206.178937
0.337438 -0.079376 0.937995 452.406297 -0.022215 0.995490 0.092233 18.811407 -0.941086 -0.051960 0.334152 206.268385
0.337056 -0.080015 0.938078 452.701051 -0.022466 0.995415 0.092978 18.825434 -0.941217 -0.052413 0.333713 206.361846
0.334004 -0.080586 0.939120 452.967815 -0.020481 0.995483 0.092707 18.869160 -0.942349 -0.050199 0.330845 206.487754
0.334526 -0.081871 0.938823 453.254017 -0.018950 0.995433 0.093560 18.891434 -0.942196 -0.049089 0.331447 206.557066
0.335055 -0.083162 0.938521 453.527432 -0.017891 0.995356 0.094585 18.929950 -0.942029 -0.048482 0.332011 206.653939
0.336553 -0.084280 0.937885 453.807425 -0.018686 0.995193 0.096135 18.939473 -0.941479 -0.049880 0.333360 206.722941
0.338868 -0.083818 0.937093 454.084124 -0.019726 0.995172 0.096147 18.966882 -0.940627 -0.051066 0.335578 206.798397
0.338775 -0.083012 0.937198 454.339484 -0.020057 0.995237 0.095403 19.000110 -0.940653 -0.051117 0.335497 206.917402
0.336790 -0.082209 0.937984 454.584530 -0.020960 0.995280 0.094757 19.018417 -0.941346 -0.051573 0.333477 207.053423
0.337440 -0.080269 0.937919 454.839573 -0.021727 0.995428 0.093007 19.046142 -0.941096 -0.051762 0.334153 207.165477
0.340307 -0.079428 0.936954 455.102259 -0.020137 0.995582 0.091712 19.097408 -0.940099 -0.050078 0.337204 207.249220
0.345293 -0.080917 0.935000 455.366743 -0.019326 0.995452 0.093286 19.119980 -0.938296 -0.050281 0.342159 207.340261
0.348487 -0.080781 0.933826 455.615628 -0.019172 0.995456 0.093267 19.149975 -0.937117 -0.050406 0.345355 207.473407
0.357236 -0.078657 0.930696 455.880444 -0.017868 0.995690 0.091008 19.188232 -0.933843 -0.049141 0.354291 207.569535
0.367887 -0.076120 0.926750 456.161949 -0.018610 0.995841 0.089182 19.198995 -0.929684 -0.050055 0.364941 207.665703
0.378104 -0.075650 0.922667 456.431449 -0.017770 0.995879 0.088935 19.225011 -0.925593 -0.050022 0.375202 207.785435
0.387094 -0.074929 0.918991 456.679629 -0.017455 0.995918 0.088553 19.251898 -0.921875 -0.050319 0.384207 207.952675
0.399994 -0.073115 0.913597 456.956121 -0.016932 0.996053 0.087127 19.282388 -0.916361 -0.050319 0.397178 208.092869
0.417703 -0.070460 0.905847 457.250229 -0.016726 0.996223 0.085203 19.305804 -0.908429 -0.050741 0.414947 208.216400
0.436651 -0.066971 0.897135 457.541789 -0.016459 0.996464 0.082397 19.344440 -0.899480 -0.050745 0.434004 208.353706
0.455688 -0.066403 0.887659 457.820262 -0.014636 0.996520 0.082060 19.374364 -0.890019 -0.050386 0.453130 208.496643
0.476770 -0.063859 0.876705 458.108277 -0.014320 0.996661 0.080384 19.357798 -0.878911 -0.050879 0.474264 208.642774
0.496832 -0.063935 0.865489 458.391838 -0.012481 0.996653 0.080789 19.367128 -0.867757 -0.050941 0.494371 208.797539
0.515558 -0.058903 0.854828 458.641603 -0.014257 0.996907 0.077292 19.378774 -0.856736 -0.052036 0.513123 208.978967
0.528556 -0.054051 0.847176 458.882965 -0.014137 0.997272 0.072447 19.404154 -0.848781 -0.050269 0.526350 209.170916
0.535721 -0.047439 0.843062 459.135889 -0.016486 0.997643 0.066613 19.409617 -0.844234 -0.049585 0.533676 209.338479
0.535624 -0.045608 0.843224 459.373937 -0.016376 0.997792 0.064370 19.446624 -0.844297 -0.048287 0.533695 209.506309
0.531204 -0.044858 0.846056 459.604443 -0.015774 0.997901 0.062813 19.486455 -0.847097 -0.046712 0.529381 209.668016
0.519925 -0.043682 0.853094 459.822254 -0.015412 0.998049 0.060497 19.521249 -0.854073 -0.044601 0.518237 209.824761
0.503125 -0.045808 0.862999 460.037433 -0.013070 0.998077 0.060598 19.554074 -0.864115 -0.041768 0.501559 209.982907
0.487684 -0.048683 0.871662 460.240777 -0.011633 0.997993 0.062247 19.573687 -0.872943 -0.040497 0.486139 210.093178
0.468759 -0.052789 0.881747 460.492756 -0.009196 0.997867 0.064630 19.598080 -0.883278 -0.038404 0.467274 210.235004
0.451691 -0.054021 0.890538 460.756679 -0.009378 0.997823 0.065286 19.599500 -0.892125 -0.037841 0.450201 210.286441
0.428424 -0.055780 0.901854 460.994952 -0.008024 0.997819 0.065527 19.623007 -0.903542 -0.035310 0.427042 210.414396
0.408656 -0.055463 0.911002 461.251722 -0.009085 0.997855 0.064826 19.634313 -0.912643 -0.034768 0.407275 210.481111
0.389049 -0.056275 0.919496 461.521179 -0.009435 0.997837 0.065061 19.651870 -0.921169 -0.033988 0.387677 210.567536
0.370987 -0.060033 0.926696 461.793139 -0.007712 0.997675 0.067719 19.676045 -0.928606 -0.032270 0.369661 210.652594
0.356950 -0.064607 0.931887 462.068353 -0.007190 0.997386 0.071902 19.672702 -0.934096 -0.032365 0.355552 210.687289
0.341659 -0.068295 0.937339 462.342640 -0.006069 0.997175 0.074867 19.688084 -0.939804 -0.031268 0.340279 210.770299
0.330661 -0.067812 0.941310 462.624430 -0.007711 0.997188 0.074547 19.689469 -0.943718 -0.031909 0.329208 210.826238
0.319203 -0.068239 0.945226 462.882095 -0.008919 0.997144 0.074999 19.716711 -0.947644 -0.032370 0.317683 210.912460
0.310808 -0.070606 0.947847 463.149284 -0.010414 0.996924 0.077676 19.734472 -0.950416 -0.034013 0.309117 210.976381
0.303959 -0.071806 0.949975 463.391307 -0.011951 0.996790 0.079169 19.741490 -0.952610 -0.035417 0.302125 211.041151
0.301166 -0.073550 0.950731 463.628973 -0.011223 0.996679 0.080659 19.756601 -0.953506 -0.034961 0.299340 211.115445
0.303154 -0.073686 0.950088 463.866802 -0.011778 0.996640 0.081054 19.753316 -0.952869 -0.035762 0.301268 211.191334
0.312623 -0.077152 0.946739 464.090963 -0.008451 0.996431 0.083992 19.791689 -0.949840 -0.034259 0.310856 211.220385
0.323835 -0.079631 0.942756 464.303376 -0.008966 0.996149 0.087220 19.800173 -0.946071 -0.036698 0.321874 211.275104
0.333274 -0.077662 0.939626 464.496601 -0.010642 0.996228 0.086115 19.808940 -0.942770 -0.038700 0.331191 211.378323
0.347946 -0.072846 0.934680 464.684753 -0.011479 0.996571 0.081943 19.824631 -0.937444 -0.039240 0.345916 211.443657
0.360903 -0.068276 0.930101 464.842633 -0.011935 0.996897 0.077811 19.835479 -0.932527 -0.039183 0.358968 211.528707
0.372454 -0.064573 0.925801 464.984353 -0.013562 0.997091 0.075002 19.847003 -0.927951 -0.040491 0.370495 211.639535
0.387525 -0.063821 0.919647 465.141187 -0.015906 0.996989 0.075891 19.865806 -0.921722 -0.044038 0.385343 211.720673
0.401429 -0.066651 0.913462 465.265484 -0.015479 0.996712 0.079528 19.875040 -0.915759 -0.046064 0.399078 211.797885
0.415951 -0.077670 0.906064 465.400041 -0.008067 0.995992 0.089082 19.866206 -0.909351 -0.044363 0.413657 211.848973
0.431165 -0.082962 0.898451 465.513913 -0.001721 0.995686 0.092767 19.854361 -0.902272 -0.041544 0.429162 211.913293
0.434130 -0.082698 0.897046 465.521135 -0.002856 0.995646 0.093170 19.836823 -0.900846 -0.043009 0.432004 212.038194
0.445734 -0.074231 0.892082 465.597500 -0.007773 0.996197 0.086778 19.850313 -0.895131 -0.045614 0.443462 212.132141
0.461896 -0.068837 0.884259 465.713502 -0.011044 0.996460 0.083341 19.878105 -0.886865 -0.048260 0.459501 212.177901
0.475145 -0.067537 0.877312 465.802044 -0.012514 0.996431 0.083484 19.887882 -0.879819 -0.050645 0.472604 212.238777
0.475145 -0.067537 0.877312 465.802044 -0.012514 0.996431 0.083484 19.887882 -0.879819 -0.050645 0.472604 212.238777
0.486808 -0.065971 0.871014 465.882034 -0.012541 0.996513 0.082485 19.900644 -0.873419 -0.051077 0.484284 212.299374
0.486808 -0.065971 0.871014 465.882034 -0.012541 0.996513 0.082485 19.900644 -0.873419 -0.051077 0.484284 212.299374
0.486808 -0.065971 0.871014 465.882034 -0.012541 0.996513 0.082485 19.900644 -0.873419 -0.051077 0.484284 212.299374
0.486808 -0.065971 0.871014 465.882034 -0.012541 0.996513 0.082485 19.900644 -0.873419 -0.051077 0.484284 212.299374
0.486808 -0.065971 0.871014 465.882034 -0.012541 0.996513 0.082485 19.900644 -0.873419 -0.051077 0.484284 212.299374
0.486808 -0.065971 0.871014 465.882034 -0.012541 0.996513 0.082485 19.900644 -0.873419 -0.051077 0.484284 212.299374
0.486808 -0.065971 0.871014 465.882034 -0.012541 0.996513 0.082485 19.900644 -0.873419 -0.051077 0.484284 212.299374
0.486808 -0.065971 0.871014 465.882034 -0.012541 0.996513 0.082485 19.900644 -0.873419 -0.051077 0.484284 212.299374
0.486808 -0.065971 0.871014 465.882034 -0.012541 0.996513 0.082485 19.900644 -0.873419 -0.051077 0.484284 212.299374
0.486808 -0.065971 0.871014 465.882034 -0.012541 0.996513 0.082485 19.900644 -0.873419 -0.051077 0.484284 212.299374
0.486808 -0.065971 0.871014 465.882034 -0.012541 0.996513 0.082485 19.900644 -0.873419 -0.051077 0.484284 212.299374
0.486808 -0.065971 0.871014 465.882034 -0.012541 0.996513 0.082485 19.900644 -0.873419 -0.051077 0.484284 212.299374
0.486808 -0.065971 0.871014 465.882034 -0.012541 0.996513 0.082485 19.900644 -0.873419 -0.051077 0.484284 212.299374
0.486808 -0.065971 0.871014 465.882034 -0.012541 0.996513 0.082485 19.900644 -0.873419 -0.051077 0.484284 212.299374
0.486808 -0.065971 0.871014 465.882034 -0.012541 0.996513 0.082485 19.900644 -0.873419 -0.051077 0.484284 212.299374
